ŠÇ—”Ô†,—X•Ö”Ô†,“s“¹•{Œ§,Žs‹æ’¬‘º,”Ô’n,Œš•¨–¼,‰ïŽÐ–¼,•”,–ðE,Ž–¼,“d˜b,ƒ[ƒ‹,XV“ú
000001,220-4511,_“ÞìŒ§,‰¡•lŽs¼‹æ,‚“‡5-20-12,,—LŒÀ‰ïŽÐƒeƒXƒgH‹Æ,‰c‹Æ•”,,‚‹´@”üç,045-941-2690,,2023/12/04
000002,600-2116,‹ž“s•{,‹ž“sŽs‰º‹ž‹æ,“Œ‰–¬˜H’¬3-7-6,,,,,“n•Ó@½,090-9939-1775,user0002@example.jp,2022/01/24
000003,150-0501,“Œ‹ž“s,a’J‹æ,_‹{‘O5-1-8,,,,,²“¡@ˆê˜Y,090-8546-4152,user0003@example.jp,2025/09/24
000004,600010,‰«“êŒ§,“ß”eŽs,‹v–Î’n5-18-7,,ƒTƒ“ƒvƒ‹•¨ŽYŠ”Ž®‰ïŽÐ,‰c‹Æ•”,Žå”C,ˆÉ“¡@’¼Ž÷,098-386-6691,,2025/06/12
000005,812-2911,•Ÿ‰ªŒ§,•Ÿ‰ªŽs”Ž‘½‹æ,”Ž‘½‰w‘O2-10-15,,‡“¯‰ïŽÐƒ_ƒ~[,‰c‹Æ•”,,¼–{@^—R”ü,092-770-3207,user0005@example.jp,2022/10/04
000006,220-3411,_“ÞìŒ§,‰¡•lŽs¼‹æ,‚“‡5-9-5,,,,,ŽR“c@‘¾˜Y,045-847-3241,user0006@example.jp,2024/07/13
000007,260-6713,ç—tŒ§,ç—tŽs’†‰›‹æ,’†‰›3-6-7,,,,,–Ø‘º@‘¾˜Y,090-2032-2926,,2023/05/15
000008,460-7908,ˆ¤’mŒ§,–¼ŒÃ‰®Žs’†‹æ,‰h2-20-1,,—LŒÀ‰ïŽÐƒeƒXƒgH‹Æ,Œo—•”,Žå”C,Ö“¡@‘å•ã,052-570-3843,user0008@example.jp,2023/11/23
000009,060-3601,–kŠC“¹,ŽD–yŽs’†‰›‹æ,–kˆêð¼5-10-1,,Š”Ž®‰ïŽÐƒTƒ“ƒvƒ‹¤Ž–,‰c‹Æ•”,‰Û’·,ŽRŒû@’¼Ž÷,011-757-7550,user0009@example.jp,2025/07/12
000010,160-3222,“Œ‹ž“s,Vh‹æ,Vh4-3-13,,Š”Ž®‰ïŽÐƒTƒ“ƒvƒ‹¤Ž–,‰c‹Æ•”,Žå”C,Ö“¡@—DŽq,090-3131-1406,user0010@example.jp,2024/05/06
000011,600-3016,‹ž“s•{,‹ž“sŽs‰º‹ž‹æ,“Œ‰–¬˜H’¬1-10-14,,Š”Ž®‰ïŽÐƒTƒ“ƒvƒ‹¤Ž–,‰c‹Æ•”,Žå”C,ˆäã@‘å•ã,075-374-4436,,2025/07/10
000012,530-7001,‘åã•{,‘åãŽs–k‹æ,”~“c2-2-4,ƒeƒXƒgƒ}ƒ“ƒVƒ‡ƒ“287†Žº,ƒTƒ“ƒvƒ‹•¨ŽYŠ”Ž®‰ïŽÐ,Œo—•”,•”’·,ŽR–{@½,090-4511-6038,,2024/04/27
000013,100-5605,“Œ‹ž“s,ç‘ã“c‹æ,2001/2/3,,—LŒÀ‰ïŽÐƒeƒXƒgH‹Æ,Œo—•”,,ŽRŒû@’¼Ž÷,090-8975-3872,,2025/02/19
000014,980-5211,‹{éŒ§,å‘äŽsÂ—t‹æ,ˆê”Ô’¬4-7-5,ƒeƒXƒgƒ}ƒ“ƒVƒ‡ƒ“623†Žº,Š”Ž®‰ïŽÐ—áŽ¦ƒVƒXƒeƒ€,Œo—•”,•”’·,—Ñ@^—R”ü,022-585-9347,user0014@example.jp,2025/05/22
000015,530-6401,‘åã•{,‘åãŽs–k‹æ,”~“c2-13-7,ƒeƒXƒgƒ}ƒ“ƒVƒ‡ƒ“665†Žº,‡“¯‰ïŽÐƒ_ƒ~[,‰c‹Æ•”,,’†‘º@ˆê˜Y,090-2050-2979,user0015@example.jp,2023/05/27
000016,730-2811,L“‡Œ§,L“‡Žs’†‹æ,Šî’¬5-17-5,,‡“¯‰ïŽÐƒ_ƒ~[,‘–±•”,,Ö“¡@½,090-9213-3652,user0016@example.jp,2022/07/04
000017,460-5208,ˆ¤’mŒ§,–¼ŒÃ‰®Žs’†‹æ,‰h3-4-10,,—LŒÀ‰ïŽÐƒeƒXƒgH‹Æ,‰c‹Æ•”,Žå”C,ŽR–{@‘ñ–ç,052-425-2014,user0017@example.jp,2024/02/03
000018,900-3015,‰«“êŒ§,“ß”eŽs,‹v–Î’n2-18-6,,,,,‹g“c@Œb,098-699-1335,user0018@example.jp,2025/05/06
000019,812-4911,•Ÿ‰ªŒ§,•Ÿ‰ªŽs”Ž‘½‹æ,”Ž‘½‰w‘O1-1-7,ƒeƒXƒgƒ}ƒ“ƒVƒ‡ƒ“845†Žº,,,,²“¡@Œb,092-934-8102,,2022/10/12
000020,460-8108,ˆ¤’mŒ§,–¼ŒÃ‰®Žs’†‹æ,3ŒŽ4“ú,,‡“¯‰ïŽÐƒ_ƒ~[,‰c‹Æ•”,,“n•Ó@”üç,090-7675-8409,user0020@example.jp,2022/07/23
000021,812-2211,•Ÿ‰ªŒ§,•Ÿ‰ªŽs”Ž‘½‹æ,”Ž‘½‰w‘O4-2-4,,Š”Ž®‰ïŽÐƒTƒ“ƒvƒ‹¤Ž–,‘–±•”,,–Ø‘º@‘å•ã,090-4435-2388,user0021@example.jp,2025/06/24
000022,160-1222,“Œ‹ž“s,Vh‹æ,Vh1-3-7,,—LŒÀ‰ïŽÐƒeƒXƒgH‹Æ,Œo—•”,‰Û’·,ŽR–{@‰ÔŽq,03-5214-1700,user0022@example.jp,2025/08/08
000023,900-2815,‰«“êŒ§,“ß”eŽs,‹v–Î’n1-11-4,ƒTƒ“ƒvƒ‹ƒrƒ‹4F,,,,´…@‘¾˜Y,098-540-2920,user0023@example.jp,2025/02/05
000024,220-1111,_“ÞìŒ§,‰¡•lŽs¼‹æ,‚“‡5-2-11,ƒTƒ“ƒvƒ‹ƒrƒ‹8F,‡“¯‰ïŽÐƒ_ƒ~[,‰c‹Æ•”,‰Û’·,—Ñ@—zŽq,045-753-2531,user0024@example.jp,2023/12/23
000025,980-0611,‹{éŒ§,å‘äŽsÂ—t‹æ,ˆê”Ô’¬5-12-14,,,,,ŽR–{@”üç,022-101-1733,,2024/04/07
000026,600-9816,‹ž“s•{,‹ž“sŽs‰º‹ž‹æ,“Œ‰–¬˜H’¬2-10-2,,Š”Ž®‰ïŽÐ—áŽ¦ƒVƒXƒeƒ€,‘–±•”,,²“¡@‘å•ã,756301374,,2023/04/05
000027,600-6316,‹ž“s•{,‹ž“sŽs‰º‹ž‹æ,“Œ‰–¬˜H’¬5-11-4,ƒTƒ“ƒvƒ‹ƒrƒ‹2F,Š”Ž®‰ïŽÐƒTƒ“ƒvƒ‹¤Ž–,Œo—•”,,—é–Ø@—R”ü,075-395-9286,user0027@example.jp,2023/06/12
000028,900-4915,‰«“êŒ§,“ß”eŽs,‹v–Î’n2-12-14,,Š”Ž®‰ïŽÐƒTƒ“ƒvƒ‹¤Ž–,Œo—•”,‰Û’·,¼–{@”üç,098-612-4528,user0028@example.jp,2022/08/04
000029,460-0908,ˆ¤’mŒ§,–¼ŒÃ‰®Žs’†‹æ,‰h1-17-11,ƒTƒ“ƒvƒ‹ƒrƒ‹10F,Š”Ž®‰ïŽÐƒTƒ“ƒvƒ‹¤Ž–,Œo—•”,•”’·,ŽR“c@—²,052-223-4147,user0029@example.jp,2023/01/20
000030,220-7411,_“ÞìŒ§,‰¡•lŽs¼‹æ,‚“‡5-15-11,,Š”Ž®‰ïŽÐƒTƒ“ƒvƒ‹¤Ž–,Œo—•”,•”’·,²“¡@ˆ¤,045-620-6462,user0030@example.jp,2024/06/10
000031,530-9001,‘åã•{,‘åãŽs–k‹æ,”~“c2-2-13,,,,,²“¡@ˆ¤,06-7663-7243,user0031@example.jp,2023/03/24
000032,330-6763,é‹ÊŒ§,‚³‚¢‚½‚ÜŽs‰Y˜a‹æ,‚»3-6-13,ƒeƒXƒgƒ}ƒ“ƒVƒ‡ƒ“155†Žº,,,,“c’†@Œb,9.01235E+10,user0032@example.jp,2022/05/08
000033,220-7611,_“ÞìŒ§,‰¡•lŽs¼‹æ,‚“‡2-15-15,ƒTƒ“ƒvƒ‹ƒrƒ‹5F,,,,“c’†@—R”ü,045-803-7692,,2025/10/12
000034,260-3913,ç—tŒ§,ç—tŽs’†‰›‹æ,’†‰›4-15-11,ƒeƒXƒgƒ}ƒ“ƒVƒ‡ƒ“836†Žº,,,,ˆÉ“¡@ˆ¤,043-259-2888,,2025/11/14
000035,100-5305,“Œ‹ž“s,ç‘ã“c‹æ,ŠÛ‚Ì“à5-12-10,,,,,—é–Ø@—R”ü,03-8316-4853,user0035@example.jp,2025/03/06
000036,530-2501,‘åã•{,‘åãŽs–k‹æ,”~“c4-20-10,,,,,´…@Ê,06-1678-9542,,2023/01/23
000037,812-8311,•Ÿ‰ªŒ§,•Ÿ‰ªŽs”Ž‘½‹æ,”Ž‘½‰w‘O3-15-6,ƒeƒXƒgƒ}ƒ“ƒVƒ‡ƒ“872†Žº,,,,—Ñ@—R”ü,092-521-5590,,2023/07/20
000038,812-3611,•Ÿ‰ªŒ§,•Ÿ‰ªŽs”Ž‘½‹æ,”Ž‘½‰w‘O2-19-7,ƒeƒXƒgƒ}ƒ“ƒVƒ‡ƒ“210†Žº,,,,¼–{@Œ’,092-208-7672,,2023/08/06
000039,100-2605,“Œ‹ž“s,ç‘ã“c‹æ,ŠÛ‚Ì“à4-13-15,ƒeƒXƒgƒ}ƒ“ƒVƒ‡ƒ“513†Žº,Š”Ž®‰ïŽÐƒTƒ“ƒvƒ‹¤Ž–,‘–±•”,Žå”C,ŽRŒû@ˆ¤,090-3564-2719,,2023/09/19
000040,330-2563,é‹ÊŒ§,‚³‚¢‚½‚ÜŽs‰Y˜a‹æ,‚»1-4-6,,‡“¯‰ïŽÐƒ_ƒ~[,‘–±•”,•”’·,¬—Ñ@ãÄ,048-743-3953,user0040@example.jp,2025/02/18
000041,730-5911,L“‡Œ§,L“‡Žs’†‹æ,Šî’¬4-2-2,ƒTƒ“ƒvƒ‹ƒrƒ‹12F,Š”Ž®‰ïŽÐƒTƒ“ƒvƒ‹¤Ž–,Œo—•”,‰Û’·,ŽR–{@’¼Ž÷,090-8137-9453,,2024/10/13
000042,600011,“Œ‹ž“s,Vh‹æ,Vh4-10-9,,,,,“c’†@—TŽq,03-4077-5080,,2022/03/05
000043,160-8322,“Œ‹ž“s,Vh‹æ,Vh4-2-1,,,,,–Ø‘º@^—R”ü,03-5301-7058,user0043@example.jp,2025/09/26
000044,980-5911,‹{éŒ§,å‘äŽsÂ—t‹æ,ˆê”Ô’¬3-11-14,,ƒTƒ“ƒvƒ‹•¨ŽYŠ”Ž®‰ïŽÐ,‰c‹Æ•”,Žå”C,²“¡@½,022-993-5817,,2025/07/16
45,060-8301,–kŠC“¹,ŽD–yŽs’†‰›‹æ,–kˆêð¼3-9-10,ƒTƒ“ƒvƒ‹ƒrƒ‹3F,ƒTƒ“ƒvƒ‹•¨ŽYŠ”Ž®‰ïŽÐ,‘–±•”,‰Û’·,“n•Ó@’¼Ž÷,011-182-4787,,2023/07/03
000046,980-3311,‹{éŒ§,å‘äŽsÂ—t‹æ,ˆê”Ô’¬5-15-14,,,,,´…@‘¾˜Y,022-570-9067,,2022/04/24
000047,460-9008,ˆ¤’mŒ§,–¼ŒÃ‰®Žs’†‹æ,‰h4-15-3,,Š”Ž®‰ïŽÐƒTƒ“ƒvƒ‹¤Ž–,Œo—•”,‰Û’·,ˆäã@ˆê˜Y,052-411-9547,user0047@example.jp,2022/10/01
000048,220-4911,_“ÞìŒ§,‰¡•lŽs¼‹æ,‚“‡1-10-2,,‡“¯‰ïŽÐƒ_ƒ~[,‘–±•”,Žå”C,ŽR–{@½,045-202-2100,user0048@example.jp,2024/09/02
000049,100-7405,“Œ‹ž“s,ç‘ã“c‹æ,ŠÛ‚Ì“à1-5-5,,,,,²X–Ø@‘å•ã,03-4874-1280,,2025/10/26
000050,980-6011,‹{éŒ§,å‘äŽsÂ—t‹æ,ˆê”Ô’¬1-13-5,,,,,¬—Ñ@—zŽq,090-9605-5712,user0050@example.jp,2022/10/06
000051,260-4213,ç—tŒ§,ç—tŽs’†‰›‹æ,’†‰›3-18-4,,,,,ˆäã@‘å•ã,043-105-6255,,2023/03/23
000052,530-5601,‘åã•{,‘åãŽs–k‹æ,”~“c2-10-4,,—LŒÀ‰ïŽÐƒeƒXƒgH‹Æ,Œo—•”,Žå”C,‹g“c@”üç,090-8463-2158,,2023/03/03
000053,812-1611,•Ÿ‰ªŒ§,•Ÿ‰ªŽs”Ž‘½‹æ,”Ž‘½‰w‘O3-14-1,,,,,“n•Ó@—DŽq,090-7657-8662,user0053@example.jp,2025/07/11
000054,980-1211,‹{éŒ§,å‘äŽsÂ—t‹æ,ˆê”Ô’¬2-20-12,ƒTƒ“ƒvƒ‹ƒrƒ‹7F,Š”Ž®‰ïŽÐ—áŽ¦ƒVƒXƒeƒ€,‰c‹Æ•”,•”’·,‚‹´@½,022-863-9576,user0054@example.jp,2023/05/15
000055,150-3001,“Œ‹ž“s,a’J‹æ,_‹{‘O5-17-12,,Š”Ž®‰ïŽÐ—áŽ¦ƒVƒXƒeƒ€,Œo—•”,,–Ø‘º@—²,03-6850-8253,,2022/10/08
000056,220-9411,_“ÞìŒ§,‰¡•lŽs¼‹æ,‚“‡4-9-12,ƒeƒXƒgƒ}ƒ“ƒVƒ‡ƒ“540†Žº,‡“¯‰ïŽÐƒ_ƒ~[,‘–±•”,Žå”C,îà‹´@ˆê˜Y,045-144-4974,,2025/09/27
000057,460-2708,ˆ¤’mŒ§,–¼ŒÃ‰®Žs’†‹æ,‰h5-20-1,,Š”Ž®‰ïŽÐƒTƒ“ƒvƒ‹¤Ž–,‘–±•”,‰Û’·,ˆäã@”üç,052-224-1299,,2025/05/04
000058,460-7208,ˆ¤’mŒ§,–¼ŒÃ‰®Žs’†‹æ,‰h2-3-1,,,,,¬—Ñ@—DŽq,052-844-9539,,2022/08/07
000059,980-4111,‹{éŒ§,å‘äŽsÂ—t‹æ,ˆê”Ô’¬4-1-4,,,,,–Ø‘º@”üç,090-9179-8879,user0059@example.jp,2025/10/03
000060,060-3501,–kŠC“¹,ŽD–yŽs’†‰›‹æ,–kˆêð¼5-3-12,,‡“¯‰ïŽÐƒ_ƒ~[,‘–±•”,‰Û’·,ŽR“c@—zŽq,011-627-4523,,2022/01/07
000061,600-3416,‹ž“s•{,‹ž“sŽs‰º‹ž‹æ,“Œ‰–¬˜H’¬5-18-11,,,,,¬—Ñ@—TŽq,090-6744-1711,,2024/10/13
000062,260-7413,ç—tŒ§,ç—tŽs’†‰›‹æ,’†‰›3-17-10,,,,,ŽR–{@½,090-2018-6664,,2023/08/21
000063,980-6911,‹{éŒ§,å‘äŽsÂ—t‹æ,ˆê”Ô’¬5-15-9,,,,,—Ñ@”üç,022-921-5197,,2024/09/21
000064,220-9511,_“ÞìŒ§,‰¡•lŽs¼‹æ,‚“‡2-9-4,ƒeƒXƒgƒ}ƒ“ƒVƒ‡ƒ“610†Žº,,,,ŽRŒû@‰ÔŽq,045-342-5747,user0064@example.jp,2024/11/22
000065,260-8813,ç—tŒ§,ç—tŽs’†‰›‹æ,’†‰›2-20-1,ƒTƒ“ƒvƒ‹ƒrƒ‹5F,ƒTƒ“ƒvƒ‹•¨ŽYŠ”Ž®‰ïŽÐ,‘–±•”,,‚‹´@—R”ü,090-7093-8939,user0065@example.jp,2022/07/23
000066,160-0722,“Œ‹ž“s,Vh‹æ,Vh2-18-9,,,,,—é–Ø@Ê,03-8657-3012,user0066@example.jp,2024/09/03
000067,530-8001,‘åã•{,‘åãŽs–k‹æ,”~“c5-14-12,,Š”Ž®‰ïŽÐ—áŽ¦ƒVƒXƒeƒ€,‘–±•”,,“c¡@‰ÔŽq,06-5486-6744,user0067@example.jp,2023/12/02
000068,900-9615,‰«“êŒ§,“ß”eŽs,‹v–Î’n3-12-10,,,,,ˆäã@‘ñ–ç,090-7553-2213,,2023/12/23
000069,100-4605,“Œ‹ž“s,ç‘ã“c‹æ,ŠÛ‚Ì“à4-1-15,,Š”Ž®‰ïŽÐƒTƒ“ƒvƒ‹¤Ž–,Œo—•”,Žå”C,‚‹´@—DŽq,03-2398-7123,user0069@example.jp,2025/10/16
000070,100-2505,“Œ‹ž“s,ç‘ã“c‹æ,ŠÛ‚Ì“à4-2-5,ƒeƒXƒgƒ}ƒ“ƒVƒ‡ƒ“611†Žº,Š”Ž®‰ïŽÐƒTƒ“ƒvƒ‹¤Ž–,‰c‹Æ•”,‰Û’·,²“¡@Œ’,03-4197-7888,,2025/05/17
000071,650-2021,•ºŒÉŒ§,_ŒËŽs’†‰›‹æ,ŽO‹{’¬5-2-3,,Š”Ž®‰ïŽÐ—áŽ¦ƒVƒXƒeƒ€,Œo—•”,•”’·,—é–Ø@‘å•ã,078-328-7299,user0071@example.jp,2024/02/08
000072,530-0501,‘åã•{,‘åãŽs–k‹æ,”~“c3-18-3,,‡“¯‰ïŽÐƒ_ƒ~[,‘–±•”,,ŽRŒû@Ê,090-8237-3736,user0072@example.jp,2023/04/28
000073,330-5563,é‹ÊŒ§,‚³‚¢‚½‚ÜŽs‰Y˜a‹æ,‚»1-6-1,ƒeƒXƒgƒ}ƒ“ƒVƒ‡ƒ“645†Žº,ƒTƒ“ƒvƒ‹•¨ŽYŠ”Ž®‰ïŽÐ,‘–±•”,,‹g“c@ˆ¤,048-446-1312,user0073@example.jp,2023/06/06
000074,100-5205,“Œ‹ž“s,ç‘ã“c‹æ,ŠÛ‚Ì“à5-6-5,,ƒTƒ“ƒvƒ‹•¨ŽYŠ”Ž®‰ïŽÐ,‘–±•”,Žå”C,²X–Ø@—zŽq,090-2000-1846,,2024/09/13
000075,530-7401,‘åã•{,‘åãŽs–k‹æ,”~“c1-1-14,,Š”Ž®‰ïŽÐ—áŽ¦ƒVƒXƒeƒ€,‘–±•”,‰Û’·,ŽR–{@‰ÔŽq,090-3849-8062,,2022/09/24
000076,530-1201,‘åã•{,‘åãŽs–k‹æ,”~“c1-19-5,,Š”Ž®‰ïŽÐ—áŽ¦ƒVƒXƒeƒ€,‘–±•”,‰Û’·,’†‘º@—DŽq,06-5723-6553,,2025/12/23
000077,980-0611,‹{éŒ§,å‘äŽsÂ—t‹æ,ˆê”Ô’¬5-9-10,,,,,“c’†@”üç,022-741-8135,,2022/03/13
000078,600012,é‹ÊŒ§,‚³‚¢‚½‚ÜŽs‰Y˜a‹æ,‚»2-17-9,ƒeƒXƒgƒ}ƒ“ƒVƒ‡ƒ“328†Žº,,,,ˆäã@Ê,048-662-9069,user0078@example.jp,2023/06/13
000079,900-9015,‰«“êŒ§,“ß”eŽs,‹v–Î’n2-11-13,ƒTƒ“ƒvƒ‹ƒrƒ‹8F,,,,ŽR“c@Œb,098-805-5959,,2025/03/15
000080,900-1015,‰«“êŒ§,“ß”eŽs,‹v–Î’n2-18-1,,Š”Ž®‰ïŽÐ—áŽ¦ƒVƒXƒeƒ€,‰c‹Æ•”,‰Û’·,¬—Ñ@—DŽq,098-867-5015,user0080@example.jp,2022/06/17
000081,460-4008,ˆ¤’mŒ§,–¼ŒÃ‰®Žs’†‹æ,‰h2-16-15,ƒTƒ“ƒvƒ‹ƒrƒ‹4F,ƒTƒ“ƒvƒ‹•¨ŽYŠ”Ž®‰ïŽÐ,Œo—•”,,“c’†@ãÄ,052-814-3658,user0081@example.jp,2022/07/07
000082,900-8615,‰«“êŒ§,“ß”eŽs,‹v–Î’n3-5-7,,ƒTƒ“ƒvƒ‹•¨ŽYŠ”Ž®‰ïŽÐ,‰c‹Æ•”,•”’·,’†‘º@Ê,098-345-1124,,2022/10/26
000083,730-1011,L“‡Œ§,L“‡Žs’†‹æ,Šî’¬1-13-6,,,,,–Ø‘º@½,082-669-5141,,2024/08/07
000084,060-1801,–kŠC“¹,ŽD–yŽs’†‰›‹æ,–kˆêð¼4-6-10,,Š”Ž®‰ïŽÐ—áŽ¦ƒVƒXƒeƒ€,‘–±•”,‰Û’·,´…@’¼Ž÷,090-8154-8918,user0084@example.jp,2023/07/14
000085,812-9411,•Ÿ‰ªŒ§,•Ÿ‰ªŽs”Ž‘½‹æ,”Ž‘½‰w‘O3-3-15,,,,,’†‘º@—²,092-113-5094,,2022/02/23
000086,530-1901,‘åã•{,‘åãŽs–k‹æ,”~“c4-1-15,ƒTƒ“ƒvƒ‹ƒrƒ‹9F,,,,—Ñ@½,06-8965-1849,user0086@example.jp,2023/03/26
000087,730-6711,L“‡Œ§,L“‡Žs’†‹æ,Šî’¬5-17-15,ƒeƒXƒgƒ}ƒ“ƒVƒ‡ƒ“799†Žº,,,,ˆÉ“¡@’¼Ž÷,090-4359-9904,,2025/03/01
000088,530-1001,‘åã•{,‘åãŽs–k‹æ,”~“c1-6-12,,‡“¯‰ïŽÐƒ_ƒ~[,Œo—•”,•”’·,ŽR–{@ˆê˜Y,06-7102-2072,user0088@example.jp,2024/12/24
000089,980-3611,‹{éŒ§,å‘äŽsÂ—t‹æ,2001/2/3,,Š”Ž®‰ïŽÐ—áŽ¦ƒVƒXƒeƒ€,‘–±•”,Žå”C,“c’†@ˆ¤,022-119-1957,user0089@example.jp,2023/02/01
000090,260-3113,ç—tŒ§,ç—tŽs’†‰›‹æ,’†‰›1-12-3,ƒTƒ“ƒvƒ‹ƒrƒ‹11F,—LŒÀ‰ïŽÐƒeƒXƒgH‹Æ,‘–±•”,Žå”C,—é–Ø@—DŽq,043-113-9831,user0090@example.jp,2023/08/13
000091,650-5421,•ºŒÉŒ§,_ŒËŽs’†‰›‹æ,ŽO‹{’¬3-18-6,,,,,ˆäã@‰ÔŽq,090-3541-4608,,2024/07/02
000092,900-2915,‰«“êŒ§,“ß”eŽs,‹v–Î’n4-13-14,,—LŒÀ‰ïŽÐƒeƒXƒgH‹Æ,‰c‹Æ•”,,—é–Ø@‰ÔŽq,098-882-1572,user0092@example.jp,2024/05/03
000093,100-5105,“Œ‹ž“s,ç‘ã“c‹æ,ŠÛ‚Ì“à4-6-5,ƒeƒXƒgƒ}ƒ“ƒVƒ‡ƒ“357†Žº,,,,²“¡@‘ñ–ç,03-9732-4573,,2025/02/07
000094,150-3901,“Œ‹ž“s,a’J‹æ,_‹{‘O3-5-14,ƒeƒXƒgƒ}ƒ“ƒVƒ‡ƒ“377†Žº,ƒTƒ“ƒvƒ‹•¨ŽYŠ”Ž®‰ïŽÐ,‰c‹Æ•”,•”’·,´…@½,03-7104-4182,user0094@example.jp,2024/11/07
000095,980-8411,‹{éŒ§,å‘äŽsÂ—t‹æ,ˆê”Ô’¬3-14-11,,Š”Ž®‰ïŽÐƒTƒ“ƒvƒ‹¤Ž–,‰c‹Æ•”,,—Ñ@½,022-841-2329,user0095@example.jp,2022/01/01
000096,330-4563,é‹ÊŒ§,‚³‚¢‚½‚ÜŽs‰Y˜a‹æ,‚»1-1-10,ƒeƒXƒgƒ}ƒ“ƒVƒ‡ƒ“897†Žº,,,,‚‹´@—²,048-947-1479,,2023/09/07
000097,900-3715,‰«“êŒ§,“ß”eŽs,‹v–Î’n1-9-8,ƒTƒ“ƒvƒ‹ƒrƒ‹7F,ƒTƒ“ƒvƒ‹•¨ŽYŠ”Ž®‰ïŽÐ,‘–±•”,‰Û’·,‚‹´@_,090-2343-5932,user0097@example.jp,2025/08/27
000098,812-8511,•Ÿ‰ªŒ§,•Ÿ‰ªŽs”Ž‘½‹æ,”Ž‘½‰w‘O4-6-4,,,,,¬—Ñ@—R”ü,092-342-4972,,2025/02/25
000099,460-0608,ˆ¤’mŒ§,–¼ŒÃ‰®Žs’†‹æ,‰h1-9-2,,Š”Ž®‰ïŽÐ—áŽ¦ƒVƒXƒeƒ€,‘–±•”,•”’·,‚‹´@^—R”ü,052-579-8503,,2023/05/10
000100,530-1001,‘åã•{,‘åãŽs–k‹æ,”~“c4-7-3,ƒeƒXƒgƒ}ƒ“ƒVƒ‡ƒ“386†Žº,‡ŠƒTƒ“ƒvƒ‹,,,‹g“c@”üç,06-6621-9722,user0100@example.jp,2024/01/24
000101,460-1408,ˆ¤’mŒ§,–¼ŒÃ‰®Žs’†‹æ,‰h2-3-3,ƒeƒXƒgƒ}ƒ“ƒVƒ‡ƒ“341†Žº,—LŒÀ‰ïŽÐƒeƒXƒgH‹Æ,Œo—•”,,´…@—R”ü,052-824-4437,user0101@example.jp,2025/02/20
000102,060-1201,–kŠC“¹,ŽD–yŽs’†‰›‹æ,–kˆêð¼4-2-12,ƒeƒXƒgƒ}ƒ“ƒVƒ‡ƒ“544†Žº,,,,“n•Ó@—TŽq,011-886-3481,user0102@example.jp,2024/09/11
000103,160-0822,“Œ‹ž“s,Vh‹æ,Vh2-9-10,,ƒTƒ“ƒvƒ‹•¨ŽYŠ”Ž®‰ïŽÐ,‘–±•”,•”’·,ˆäã@Ê,03-8194-2278,,2025/12/16
000104,980-2911,‹{éŒ§,å‘äŽsÂ—t‹æ,ˆê”Ô’¬4-3-2,ƒeƒXƒgƒ}ƒ“ƒVƒ‡ƒ“560†Žº,—LŒÀ‰ïŽÐƒeƒXƒgH‹Æ,‘–±•”,Žå”C,ŽRŒû@—R”ü,022-258-4322,user0104@example.jp,2022/11/05
000105,600-8016,‹ž“s•{,‹ž“sŽs‰º‹ž‹æ,“Œ‰–¬˜H’¬3-20-8,,,,,ŽR“c@^—R”ü,075-424-6112,user0105@example.jp,2024/03/27
000106,100-7205,“Œ‹ž“s,ç‘ã“c‹æ,ŠÛ‚Ì“à1-1-1,,Š”Ž®‰ïŽÐƒTƒ“ƒvƒ‹¤Ž–,‰c‹Æ•”,•”’·,²X–Ø@‰ÔŽq,03-3178-8469,user0106@example.jp,2023/09/26
000107,600-1216,‹ž“s•{,‹ž“sŽs‰º‹ž‹æ,“Œ‰–¬˜H’¬3-3-10,,ƒTƒ“ƒvƒ‹•¨ŽYŠ”Ž®‰ïŽÐ,Œo—•”,‰Û’·,¼–{@—TŽq,075-340-4000,user0107@example.jp,2022/11/22
000108,900-9915,‰«“êŒ§,“ß”eŽs,‹v–Î’n3-16-11,ƒTƒ“ƒvƒ‹ƒrƒ‹2F,ƒTƒ“ƒvƒ‹•¨ŽYŠ”Ž®‰ïŽÐ,Œo—•”,‰Û’·,‹g“c@ˆ¤,098-460-2432,,2025/12/22
000109,260-9913,ç—tŒ§,ç—tŽs’†‰›‹æ,’†‰›3-11-8,,Š”Ž®‰ïŽÐ—áŽ¦ƒVƒXƒeƒ€,Œo—•”,•”’·,ŽR“c@ˆ¤,090-8612-5209,user0109@example.jp,2025/12/16
000110,600-2516,‹ž“s•{,‹ž“sŽs‰º‹ž‹æ,“Œ‰–¬˜H’¬1-10-4,ƒeƒXƒgƒ}ƒ“ƒVƒ‡ƒ“316†Žº,ƒTƒ“ƒvƒ‹•¨ŽYŠ”Ž®‰ïŽÐ,‰c‹Æ•”,,‰Á“¡@—²,075-498-6755,user0110@example.jp,2024/01/15
000111,100-9805,“Œ‹ž“s,ç‘ã“c‹æ,ŠÛ‚Ì“à3-16-9,,ƒTƒ“ƒvƒ‹•¨ŽYŠ”Ž®‰ïŽÐ,‘–±•”,•”’·,ˆÉ“¡@Œb,03-8785-1938,user0111@example.jp,2024/06/23
000112,150-6601,“Œ‹ž“s,a’J‹æ,_‹{‘O3-13-8,,ƒTƒ“ƒvƒ‹•¨ŽYŠ”Ž®‰ïŽÐ,‰c‹Æ•”,•”’·,¼–{@—R”ü,090-3717-7035,,2025/11/12
000113,530-3201,‘åã•{,‘åãŽs–k‹æ,”~“c4-8-1,,ƒTƒ“ƒvƒ‹•¨ŽYŠ”Ž®‰ïŽÐ,Œo—•”,•”’·,´…@Ê,06-7685-3326,user0113@example.jp,2023/07/05
000114,150-3101,“Œ‹ž“s,a’J‹æ,_‹{‘O1-16-12,ƒTƒ“ƒvƒ‹ƒrƒ‹9F,—LŒÀ‰ïŽÐƒeƒXƒgH‹Æ,‰c‹Æ•”,‰Û’·,“n•Ó@—²,090-6799-6845,user0114@example.jp,2025/02/02
000115,460-4608,ˆ¤’mŒ§,–¼ŒÃ‰®Žs’†‹æ,‰h4-19-13,ƒeƒXƒgƒ}ƒ“ƒVƒ‡ƒ“558†Žº,,,,²“¡@‰ÔŽq,090-2847-6222,,2025/09/10
000116,220-4111,_“ÞìŒ§,‰¡•lŽs¼‹æ,‚“‡2-8-14,ƒeƒXƒgƒ}ƒ“ƒVƒ‡ƒ“566†Žº,‡“¯‰ïŽÐƒ_ƒ~[,‘–±•”,,‰Á“¡@ˆ¤,090-5409-1192,user0116@example.jp,2024/04/06
000117,160-8022,“Œ‹ž“s,Vh‹æ,Vh3-15-9,ƒeƒXƒgƒ}ƒ“ƒVƒ‡ƒ“132†Žº,,,,ŽRŒû@”üç,090-4845-3931,,2024/10/20
000118,220-8011,_“ÞìŒ§,‰¡•lŽs¼‹æ,‚“‡1-15-12,ƒTƒ“ƒvƒ‹ƒrƒ‹10F,‡“¯‰ïŽÐƒ_ƒ~[,‰c‹Æ•”,•”’·,–Ø‘º@‰ÔŽq,090-2021-8904,,2024/08/28
000119,060-1201,–kŠC“¹,ŽD–yŽs’†‰›‹æ,–kˆêð¼3-2-8,,,,,ŽR“c@_,011-404-5232,user0119@example.jp,2025/11/16
000120,260-2113,ç—tŒ§,ç—tŽs’†‰›‹æ,’†‰›4-20-13,ƒeƒXƒgƒ}ƒ“ƒVƒ‡ƒ“875†Žº,,,,ˆÉ“¡@Ê,090-3537-9552,user0120@example.jp,2023/02/23
000121,100-3205,“Œ‹ž“s,ç‘ã“c‹æ,ŠÛ‚Ì“à4-3-6,‘æ‡@ƒrƒ‹,,,,ŽRŒû@Ê,090-9177-6065,user0121@example.jp,2022/12/24
000122,150-3501,“Œ‹ž“s,a’J‹æ,_‹{‘O4-15-3,ƒeƒXƒgƒ}ƒ“ƒVƒ‡ƒ“840†Žº,ƒTƒ“ƒvƒ‹•¨ŽYŠ”Ž®‰ïŽÐ,Œo—•”,,ŽR“c@‘å•ã,03-1794-3844,user0122@example.jp,2024/04/12
000123,900-5315,‰«“êŒ§,“ß”eŽs,‹v–Î’n5-13-6,,Š”Ž®‰ïŽÐƒTƒ“ƒvƒ‹¤Ž–,‰c‹Æ•”,•”’·,Ö“¡@‘ñ–ç,098-115-1825,,2025/12/02
000124,900-4415,‰«“êŒ§,“ß”eŽs,‹v–Î’n3-19-4,,Š”Ž®‰ïŽÐƒTƒ“ƒvƒ‹¤Ž–,Œo—•”,‰Û’·,´…@—DŽq,090-9831-2516,user0124@example.jp,2022/10/26
000125,100-9905,“Œ‹ž“s,ç‘ã“c‹æ,ŠÛ‚Ì“à4-14-9,ƒeƒXƒgƒ}ƒ“ƒVƒ‡ƒ“744†Žº,—LŒÀ‰ïŽÐƒeƒXƒgH‹Æ,Œo—•”,•”’·,“c’†@—TŽq,03-9051-7050,user0125@example.jp,2025/08/23
000126,530-9201,‘åã•{,‘åãŽs–k‹æ,”~“c5-12-7,,‡“¯‰ïŽÐƒ_ƒ~[,Œo—•”,,ŽR–{@^—R”ü,06-7943-5115,,2025/06/08
000127,330-4663,é‹ÊŒ§,‚³‚¢‚½‚ÜŽs‰Y˜a‹æ,‚»1-14-13,,,,,“n•Ó@Œ’,090-2584-2994,,2024/06/10
000128,600-7116,‹ž“s•{,‹ž“sŽs‰º‹ž‹æ,“Œ‰–¬˜H’¬4-1-10,ƒTƒ“ƒvƒ‹ƒrƒ‹12F,Š”Ž®‰ïŽÐ—áŽ¦ƒVƒXƒeƒ€,‰c‹Æ•”,,“c’†@_,075-577-4478,user0128@example.jp,2025/02/16
000129,650-0821,•ºŒÉŒ§,_ŒËŽs’†‰›‹æ,ŽO‹{’¬5-14-7,,ƒTƒ“ƒvƒ‹•¨ŽYŠ”Ž®‰ïŽÐ,Œo—•”,,Ö“¡@‘å•ã,090-8445-3044,,2025/05/25
000130,600-1316,‹ž“s•{,‹ž“sŽs‰º‹ž‹æ,“Œ‰–¬˜H’¬5-17-14,,,,,²X–Ø@Ê,075-551-4999,user0130@example.jp,2023/11/22
000131,100-5105,“Œ‹ž“s,ç‘ã“c‹æ,ŠÛ‚Ì“à2-4-14,,,,,ˆÉ“¡@Œ’,03-4280-4966,user0131@example.jp,2023/04/27
000132,600-6116,‹ž“s•{,‹ž“sŽs‰º‹ž‹æ,“Œ‰–¬˜H’¬3-1-14,,Š”Ž®‰ïŽÐ—áŽ¦ƒVƒXƒeƒ€,‘–±•”,Žå”C,²“¡@Œb,075-199-4035,user0132@example.jp,2022/08/13
000133,460-9408,ˆ¤’mŒ§,–¼ŒÃ‰®Žs’†‹æ,‰h3-17-15,,—LŒÀ‰ïŽÐƒeƒXƒgH‹Æ,‘–±•”,,ˆäã@^—R”ü,052-576-1601,,2025/03/28
000134,530-4301,‘åã•{,‘åãŽs–k‹æ,”~“c2-12-6,,‡“¯‰ïŽÐƒ_ƒ~[,‰c‹Æ•”,Žå”C,–Ø‘º@’¼Ž÷,06-2320-1075,,2024/05/14
000135,330-5663,é‹ÊŒ§,‚³‚¢‚½‚ÜŽs‰Y˜a‹æ,‚»2-12-2,,ƒTƒ“ƒvƒ‹•¨ŽYŠ”Ž®‰ïŽÐ,Œo—•”,‰Û’·,²“¡@’¼Ž÷,048-335-6604,user0135@example.jp,2024/09/25
000136,900-0715,‰«“êŒ§,“ß”eŽs,‹v–Î’n1-13-7,ƒeƒXƒgƒ}ƒ“ƒVƒ‡ƒ“201†Žº,—LŒÀ‰ïŽÐƒeƒXƒgH‹Æ,‰c‹Æ•”,•”’·,ˆäã@‘¾˜Y,098-473-6177,,2023/03/08
000137,100-9005,“Œ‹ž“s,ç‘ã“c‹æ,ŠÛ‚Ì“à4-1-8,,,,,¼–{@_,03-3622-1855,user0137@example.jp,2023/03/08
000138,730-7111,L“‡Œ§,L“‡Žs’†‹æ,Šî’¬2-4-12,ƒeƒXƒgƒ}ƒ“ƒVƒ‡ƒ“506†Žº,ƒTƒ“ƒvƒ‹•¨ŽYŠ”Ž®‰ïŽÐ,‰c‹Æ•”,Žå”C,ŽR“c@‘ñ–ç,090-5073-9619,,2022/02/03
000139,330-3763,é‹ÊŒ§,‚³‚¢‚½‚ÜŽs‰Y˜a‹æ,‚»4-4-1,ƒTƒ“ƒvƒ‹ƒrƒ‹12F,—LŒÀ‰ïŽÐƒeƒXƒgH‹Æ,‘–±•”,‰Û’·,¬—Ñ@—TŽq,090-7774-1798,,2023/09/11
000140,730-7811,L“‡Œ§,L“‡Žs’†‹æ,Šî’¬5-13-15,ƒeƒXƒgƒ}ƒ“ƒVƒ‡ƒ“185†Žº,—LŒÀ‰ïŽÐƒeƒXƒgH‹Æ,Œo—•”,,‹g“c@‰ÔŽq,090-5007-2766,user0140@example.jp,2024/04/03
000141,160-8622,“Œ‹ž“s,Vh‹æ,Vh1-1-11,ƒeƒXƒgƒ}ƒ“ƒVƒ‡ƒ“444†Žº,—LŒÀ‰ïŽÐƒeƒXƒgH‹Æ,‰c‹Æ•”,‰Û’·,ŽRí•@½,03-9838-1943,,2022/06/28
000142,330-2763,é‹ÊŒ§,‚³‚¢‚½‚ÜŽs‰Y˜a‹æ,‚»5-15-6,ƒTƒ“ƒvƒ‹ƒrƒ‹11F,‡“¯‰ïŽÐƒ_ƒ~[,‘–±•”,‰Û’·,‰Á“¡@Œ’,048-753-9781,,2023/11/16
000143,100-1005,“Œ‹ž“s,ç‘ã“c‹æ,ŠÛ‚Ì“à4-3-1,,Š”Ž®‰ïŽÐ—áŽ¦ƒVƒXƒeƒ€,‘–±•”,‰Û’·,‰Á“¡@—DŽq,03-6915-2111,,2024/03/19
000144,812-9311,•Ÿ‰ªŒ§,•Ÿ‰ªŽs”Ž‘½‹æ,”Ž‘½‰w‘O5-19-5,,‡“¯‰ïŽÐƒ_ƒ~[,Œo—•”,•”’·,“n•Ó@‘¾˜Y,092-746-3440,,2023/07/22
000145,650-1421,•ºŒÉŒ§,_ŒËŽs’†‰›‹æ,ŽO‹{’¬2-12-2,ƒTƒ“ƒvƒ‹ƒrƒ‹10F,,,,²“¡@ˆê˜Y,078-105-3072,,2022/09/09
000146,980-5611,‹{éŒ§,å‘äŽsÂ—t‹æ,ˆê”Ô’¬3-4-5,ƒTƒ“ƒvƒ‹ƒrƒ‹6F,ƒTƒ“ƒvƒ‹•¨ŽYŠ”Ž®‰ïŽÐ,‘–±•”,•”’·,‹g“c@_,022-679-1124,,2024/02/17
000147,900-9815,‰«“êŒ§,“ß”eŽs,‹v–Î’n1-1-8,,,,,ŽRŒû@—R”ü,090-5726-6559,user0147@example.jp,2022/10/12
000148,060-8501,–kŠC“¹,ŽD–yŽs’†‰›‹æ,–kˆêð¼3-10-13,,Š”Ž®‰ïŽÐƒTƒ“ƒvƒ‹¤Ž–,‘–±•”,Žå”C,ˆäã@‘¾˜Y,011-448-2504,user0148@example.jp,2024/02/11
000149,260-9413,ç—tŒ§,ç—tŽs’†‰›‹æ,’†‰›5-7-14,,,,,“c’†@—zŽq,043-145-6522,,2022/05/20
000150,060-5301,–kŠC“¹,ŽD–yŽs’†‰›‹æ,–kˆêð¼1-19-15,,ƒTƒ“ƒvƒ‹•¨ŽYŠ”Ž®‰ïŽÐ,‰c‹Æ•”,Žå”C,‹g“c@Œb,011-885-6027,user0150@example.jp,2025/07/03
000151,600013,“Œ‹ž“s,ç‘ã“c‹æ,ŠÛ‚Ì“à5-3-12,,‡“¯‰ïŽÐƒ_ƒ~[,Œo—•”,Žå”C,’†‘º@^—R”ü,03-4535-9015,user0151@example.jp,2022/04/23
000152,600-7516,‹ž“s•{,‹ž“sŽs‰º‹ž‹æ,“Œ‰–¬˜H’¬3-4-15,,,,,¼–{@—²,075-166-7579,user0152@example.jp,2025/03/26
000153,060-5001,–kŠC“¹,ŽD–yŽs’†‰›‹æ,–kˆêð¼3-3-4,,,,,ˆÉ“¡@—DŽq,090-3527-4469,,2025/11/15
000154,650-9721,•ºŒÉŒ§,_ŒËŽs’†‰›‹æ,ŽO‹{’¬1-11-5,ƒeƒXƒgƒ}ƒ“ƒVƒ‡ƒ“833†Žº,ƒTƒ“ƒvƒ‹•¨ŽYŠ”Ž®‰ïŽÐ,‘–±•”,Žå”C,—é–Ø@”üç,078-458-6673,user0154@example.jp,2025/04/26
000155,060-3501,–kŠC“¹,ŽD–yŽs’†‰›‹æ,–kˆêð¼5-3-9,,—LŒÀ‰ïŽÐƒeƒXƒgH‹Æ,‘–±•”,‰Û’·,–Ø‘º@½,011-612-4939,user0155@example.jp,2022/03/05
000156,150-8701,“Œ‹ž“s,a’J‹æ,_‹{‘O5-17-13,,,,,²“¡@—TŽq,03-5313-3007,user0156@example.jp,2024/03/26
000157,900-7715,‰«“êŒ§,“ß”eŽs,‹v–Î’n5-20-3,,ƒTƒ“ƒvƒ‹•¨ŽYŠ”Ž®‰ïŽÐ,Œo—•”,•”’·,‚‹´@ãÄ,090-4540-9469,user0157@example.jp,2023/08/09
000158,100-0405,“Œ‹ž“s,ç‘ã“c‹æ,ŠÛ‚Ì“à5-11-1,,ƒTƒ“ƒvƒ‹•¨ŽYŠ”Ž®‰ïŽÐ,‰c‹Æ•”,,¬—Ñ@—²,03-8526-9592,,2025/12/17
000159,812-4111,•Ÿ‰ªŒ§,•Ÿ‰ªŽs”Ž‘½‹æ,”Ž‘½‰w‘O2-1-8,ƒTƒ“ƒvƒ‹ƒrƒ‹2F,—LŒÀ‰ïŽÐƒeƒXƒgH‹Æ,Œo—•”,,’†‘º@—R”ü,090-7578-2285,user0159@example.jp,2022/07/04
000160,812-9811,•Ÿ‰ªŒ§,•Ÿ‰ªŽs”Ž‘½‹æ,”Ž‘½‰w‘O2-10-15,,Š”Ž®‰ïŽÐ—áŽ¦ƒVƒXƒeƒ€,‰c‹Æ•”,Žå”C,’†‘º@—zŽq,092-148-9031,,2024/09/07
000161,530-0701,‘åã•{,‘åãŽs–k‹æ,”~“c3-5-8,,,,,²X–Ø@ˆ¤,06-1442-6004,,2025/02/16
000162,060-2001,–kŠC“¹,ŽD–yŽs’†‰›‹æ,–kˆêð¼2-9-3,,Š”Ž®‰ïŽÐ—áŽ¦ƒVƒXƒeƒ€,‰c‹Æ•”,,ˆäã@‰ÔŽq,011-985-9330,,2025/10/04
000163,650-1821,•ºŒÉŒ§,_ŒËŽs’†‰›‹æ,ŽO‹{’¬5-17-12,,,,,´…@Œ’,090-7260-4900,user0163@example.jp,2024/03/08
000164,650-5321,•ºŒÉŒ§,_ŒËŽs’†‰›‹æ,ŽO‹{’¬2-2-10,ƒeƒXƒgƒ}ƒ“ƒVƒ‡ƒ“670†Žº,,,,ŽR“c@”üç,078-745-6389,,2024/08/14
000165,730-7811,L“‡Œ§,L“‡Žs’†‹æ,Šî’¬1-10-1,,‡“¯‰ïŽÐƒ_ƒ~[,‘–±•”,‰Û’·,—Ñ@‘¾˜Y,082-456-9984,user0165@example.jp,2023/02/12
000166,730-5311,L“‡Œ§,L“‡Žs’†‹æ,Šî’¬4-7-15,,Š”Ž®‰ïŽÐ—áŽ¦ƒVƒXƒeƒ€,‘–±•”,,–Ø‘º@Œ’,082-544-2945,user0166@example.jp,2023/06/26
000167,650-0721,•ºŒÉŒ§,_ŒËŽs’†‰›‹æ,ŽO‹{’¬3-6-9,,—LŒÀ‰ïŽÐƒeƒXƒgH‹Æ,‘–±•”,‰Û’·,“c’†@½,078-472-2178,,2023/11/17
000168,150-2101,“Œ‹ž“s,a’J‹æ,_‹{‘O1-15-5,ƒeƒXƒgƒ}ƒ“ƒVƒ‡ƒ“773†Žº,ƒTƒ“ƒvƒ‹•¨ŽYŠ”Ž®‰ïŽÐ,‰c‹Æ•”,‰Û’·,²“¡@‰ÔŽq,03-4174-4863,user0168@example.jp,2022/05/20
000169,730-4511,L“‡Œ§,L“‡Žs’†‹æ,Šî’¬5-1-7,,‡“¯‰ïŽÐƒ_ƒ~[,Œo—•”,,´…@½,082-315-4722,user0169@example.jp,2025/11/04
000170,150-8701,“Œ‹ž“s,a’J‹æ,_‹{‘O5-18-8,,,,,Ö“¡@ãÄ,03-5516-7623,user0170@example.jp,2024/04/23
000171,100-3305,“Œ‹ž“s,ç‘ã“c‹æ,ŠÛ‚Ì“à4-19-13,,ƒTƒ“ƒvƒ‹•¨ŽYŠ”Ž®‰ïŽÐ,‰c‹Æ•”,Žå”C,“c’†@‘å•ã,090-9273-6955,,2022/04/04
000172,220-5611,_“ÞìŒ§,‰¡•lŽs¼‹æ,‚“‡5-18-12,,‡“¯‰ïŽÐƒ_ƒ~[,‰c‹Æ•”,‰Û’·,ˆÉ“¡@‘¾˜Y,090-1271-5793,,2025/04/27
000173,980-3911,‹{éŒ§,å‘äŽsÂ—t‹æ,ˆê”Ô’¬3-2-1,,ƒTƒ“ƒvƒ‹•¨ŽYŠ”Ž®‰ïŽÐ,‘–±•”,•”’·,¼–{@Œ’,022-100-2333,user0173@example.jp,2024/05/20
000174,100-5805,“Œ‹ž“s,ç‘ã“c‹æ,ŠÛ‚Ì“à5-8-4,,ƒTƒ“ƒvƒ‹•¨ŽYŠ”Ž®‰ïŽÐ,‘–±•”,,‚‹´@Ê,03-3005-7023,user0174@example.jp,2024/11/26
000175,100-2105,“Œ‹ž“s,ç‘ã“c‹æ,ŠÛ‚Ì“à5-1-12,,—LŒÀ‰ïŽÐƒeƒXƒgH‹Æ,‰c‹Æ•”,Žå”C,¼–{@Œb,03-8361-5714,,2025/08/03
000176,980-8111,‹{éŒ§,å‘äŽsÂ—t‹æ,ˆê”Ô’¬2-15-10,,,,,Ö“¡@½,022-785-3213,,2025/08/09
000177,900-3215,‰«“êŒ§,“ß”eŽs,‹v–Î’n1-10-9,,Š”Ž®‰ïŽÐƒTƒ“ƒvƒ‹¤Ž–,‰c‹Æ•”,Žå”C,ŽR“c@‰ÔŽq,098-441-7041,,2022/07/19
000178,460-2308,ˆ¤’mŒ§,–¼ŒÃ‰®Žs’†‹æ,‰h2-1-2,,‡“¯‰ïŽÐƒ_ƒ~[,‘–±•”,‰Û’·,²“¡@ˆ¤,052-525-7594,,2024/04/09
000179,980-5711,‹{éŒ§,å‘äŽsÂ—t‹æ,ˆê”Ô’¬4-10-10,,,,,ŽRŒû@ãÄ,022-694-5087,,2024/02/25
000180,730-6411,L“‡Œ§,L“‡Žs’†‹æ,Šî’¬4-13-15,ƒTƒ“ƒvƒ‹ƒrƒ‹5F,‡“¯‰ïŽÐƒ_ƒ~[,‰c‹Æ•”,•”’·,Ö“¡@—DŽq,082-909-6987,user0180@example.jp,2025/12/25
000181,812-9011,•Ÿ‰ªŒ§,•Ÿ‰ªŽs”Ž‘½‹æ,”Ž‘½‰w‘O1-3-10,,,,,´…@—TŽq,092-497-3606,user0181@example.jp,2023/12/03
000182,460-3908,ˆ¤’mŒ§,–¼ŒÃ‰®Žs’†‹æ,‰h5-4-7,ƒeƒXƒgƒ}ƒ“ƒVƒ‡ƒ“714†Žº,ƒTƒ“ƒvƒ‹•¨ŽYŠ”Ž®‰ïŽÐ,‘–±•”,•”’·,—Ñ@_,052-195-4967,user0182@example.jp,2022/02/18
000183,160-5222,“Œ‹ž“s,Vh‹æ,Vh1-2-1,,—LŒÀ‰ïŽÐƒeƒXƒgH‹Æ,‰c‹Æ•”,,‰Á“¡@‘ñ–ç,03-8269-8269,,2025/11/08
000184,150-3401,“Œ‹ž“s,a’J‹æ,_‹{‘O3-19-1,ƒeƒXƒgƒ}ƒ“ƒVƒ‡ƒ“369†Žº,,,,ŽR–{@_,03-3600-7010,,2022/02/12
000185,812-1111,•Ÿ‰ªŒ§,•Ÿ‰ªŽs”Ž‘½‹æ,”Ž‘½‰w‘O3-5-12,,ƒTƒ“ƒvƒ‹•¨ŽYŠ”Ž®‰ïŽÐ,‘–±•”,•”’·,ˆäã@Ê,092-328-9722,,2025/10/26
000186,900-1015,‰«“êŒ§,“ß”eŽs,‹v–Î’n5-3-3,ƒeƒXƒgƒ}ƒ“ƒVƒ‡ƒ“675†Žº,,,,“c’†@‘å•ã,098-676-2278,user0186@example.jp,2023/10/16
000187,150-8201,“Œ‹ž“s,a’J‹æ,_‹{‘O5-8-10,,,,,²X–Ø@”üç,090-4254-9870,user0187@example.jp,2022/02/12
000188,530-3301,‘åã•{,‘åãŽs–k‹æ,”~“c2-6-13,ƒeƒXƒgƒ}ƒ“ƒVƒ‡ƒ“415†Žº,,,,ŽR“c@—DŽq,06-8542-4575,user0188@example.jp,2023/08/01
000189,150-3501,“Œ‹ž“s,a’J‹æ,_‹{‘O4-15-8,ƒeƒXƒgƒ}ƒ“ƒVƒ‡ƒ“237†Žº,,,,ŽRŒû@‘ñ–ç,090-4519-5005,user0189@example.jp,2022/09/04
000190,980-2211,‹{éŒ§,å‘äŽsÂ—t‹æ,ˆê”Ô’¬4-17-6,,,,,‰Á“¡@Œb,022-329-4349,,2024/07/04
000191,060-9101,–kŠC“¹,ŽD–yŽs’†‰›‹æ,–kˆêð¼3-6-9,,‡“¯‰ïŽÐƒ_ƒ~[,‘–±•”,•”’·,²“¡@ˆ¤,011-342-8229,,2022/09/18
000192,530-4901,‘åã•{,‘åãŽs–k‹æ,”~“c4-2-15,ƒeƒXƒgƒ}ƒ“ƒVƒ‡ƒ“152†Žº,Š”Ž®‰ïŽÐ—áŽ¦ƒVƒXƒeƒ€,Œo—•”,‰Û’·,ŽR“c@”üç,06-9700-8269,,2023/02/04
000193,812-5211,•Ÿ‰ªŒ§,•Ÿ‰ªŽs”Ž‘½‹æ,”Ž‘½‰w‘O2-13-4,,Š”Ž®‰ïŽÐ—áŽ¦ƒVƒXƒeƒ€,‘–±•”,•”’·,ŽR–{@Ê,092-237-7674,,2023/08/27
000194,150-2701,“Œ‹ž“s,a’J‹æ,_‹{‘O2-19-3,ƒeƒXƒgƒ}ƒ“ƒVƒ‡ƒ“531†Žº,‡“¯‰ïŽÐƒ_ƒ~[,‘–±•”,,ˆÉ“¡@—R”ü,090-4528-7541,,2024/10/25
000195,100-0505,“Œ‹ž“s,ç‘ã“c‹æ,ŠÛ‚Ì“à2-9-7,ƒeƒXƒgƒ}ƒ“ƒVƒ‡ƒ“689†Žº,Š”Ž®‰ïŽÐ—áŽ¦ƒVƒXƒeƒ€,‘–±•”,•”’·,¬—Ñ@Œb,03-8870-5910,user0195@example.jp,2024/01/09
000196,600-1116,‹ž“s•{,‹ž“sŽs‰º‹ž‹æ,“Œ‰–¬˜H’¬1-20-8,ƒTƒ“ƒvƒ‹ƒrƒ‹2F,‡“¯‰ïŽÐƒ_ƒ~[,‘–±•”,,‰Á“¡@—DŽq,075-695-2789,user0196@example.jp,2023/01/17
000197,900-3515,‰«“êŒ§,“ß”eŽs,‹v–Î’n1-17-14,ƒTƒ“ƒvƒ‹ƒrƒ‹4F,,,,–Ø‘º@_,098-160-6850,,2024/02/13
000198,220-1611,_“ÞìŒ§,‰¡•lŽs¼‹æ,‚“‡5-2-9,,Š”Ž®‰ïŽÐƒTƒ“ƒvƒ‹¤Ž–,Œo—•”,•”’·,¼–{@^—R”ü,090-2019-1233,user0198@example.jp,2023/09/25
000199,160-6122,“Œ‹ž“s,Vh‹æ,Vh5-4-10,,,,,²X–Ø@½,03-7984-6259,user0199@example.jp,2024/04/02
000200,150-4901,“Œ‹ž“s,a’J‹æ,_‹{‘O2-15-8,,ƒTƒ“ƒvƒ‹•¨ŽYŠ”Ž®‰ïŽÐ,‘–±•”,Žå”C,—Ñ@ãÄ,03-7581-9898,,2024/03/04
000201,812-0011,•Ÿ‰ªŒ§,•Ÿ‰ªŽs”Ž‘½‹æ,”Ž‘½‰w‘O1-19-1,,ƒTƒ“ƒvƒ‹•¨ŽYŠ”Ž®‰ïŽÐ,Œo—•”,,,092-880-6397,user0201@example.jp,2023/04/15
000202,,ç—tŒ§,ç—tŽs’†‰›‹æ,’†‰›3-8-15,,Š”Ž®‰ïŽÐ—áŽ¦ƒVƒXƒeƒ€,Œo—•”,,‰Á“¡@—DŽq,043-825-1057,,2025/04/24
000203,900-5415,,,,,—LŒÀ‰ïŽÐƒeƒXƒgH‹Æ,‰c‹Æ•”,Žå”C,—é–Ø@‰ÔŽq,098-957-8870,,2024/03/06
000204,100-8605,“Œ‹ž“s,ç‘ã“c‹æ,ŠÛ‚Ì“à3-20-14,ƒTƒ“ƒvƒ‹ƒrƒ‹10F,‡“¯‰ïŽÐƒ_ƒ~[,Œo—•”,•”’·,—Ñ@—zŽq,090-4761-9621,user0204@example.jp,2023/01/21
000205,330-1163,é‹ÊŒ§,‚³‚¢‚½‚ÜŽs‰Y˜a‹æ,‚»3-2-14,,‡“¯‰ïŽÐƒ_ƒ~[,Œo—•”,•”’·,ˆäã@^—R”ü,048-291-3746,,2025/03/06
000206,460-1208,ˆ¤’mŒ§,–¼ŒÃ‰®Žs’†‹æ,‰h3-16-11,ƒeƒXƒgƒ}ƒ“ƒVƒ‡ƒ“556†Žº,‡“¯‰ïŽÐƒ_ƒ~[,‰c‹Æ•”,‰Û’·,‚‹´@_,052-304-7554,,2022/01/06
000207,650-6921,•ºŒÉŒ§,_ŒËŽs’†‰›‹æ,ŽO‹{’¬5-4-8,ƒeƒXƒgƒ}ƒ“ƒVƒ‡ƒ“600†Žº,—LŒÀ‰ïŽÐƒeƒXƒgH‹Æ,‰c‹Æ•”,,²“¡@—TŽq,078-730-7552,user0207@example.jp,2022/06/19
000208,100-7405,“Œ‹ž“s,ç‘ã“c‹æ,ŠÛ‚Ì“à2-18-5,,Š”Ž®‰ïŽÐ—áŽ¦ƒVƒXƒeƒ€,Œo—•”,•”’·,–Ø‘º@‘¾˜Y,03-2729-2541,user0208@example.jp,2022/09/07
000209,600-0416,‹ž“s•{,‹ž“sŽs‰º‹ž‹æ,“Œ‰–¬˜H’¬5-7-12,ƒTƒ“ƒvƒ‹ƒrƒ‹6F,Š”Ž®‰ïŽÐƒTƒ“ƒvƒ‹¤Ž–,Œo—•”,•”’·,—Ñ@’¼Ž÷,090-4939-3890,user0209@example.jp,2024/08/02
000210,150-4401,“Œ‹ž“s,a’J‹æ,_‹{‘O2-12-13,,—LŒÀ‰ïŽÐƒeƒXƒgH‹Æ,Œo—•”,Žå”C,’†‘º@‰ÔŽq,03-5603-1978,user0210@example.jp,2024/01/03
000211,150-1201,“Œ‹ž“s,a’J‹æ,_‹{‘O3-2-8,ƒTƒ“ƒvƒ‹ƒrƒ‹3F,ƒTƒ“ƒvƒ‹•¨ŽYŠ”Ž®‰ïŽÐ,Œo—•”,‰Û’·, ²“¡@Œ’ ,090-7079-3425,,2024/06/28
000212,650-8321,•ºŒÉŒ§,_ŒËŽs’†‰›‹æ,ŽO‹{’¬4[19[9,ƒTƒ“ƒvƒ‹ƒrƒ‹8F,Š”Ž®‰ïŽÐƒTƒ“ƒvƒ‹¤Ž–,‰c‹Æ•”,‰Û’·,’†‘º@—TŽq,090-5720-4445,,2025/01/16
000213,220-4711,_“ÞìŒ§,‰¡•lŽs¼‹æ,‚“‡3-8-8,,Š”Ž®‰ïŽÐ—áŽ¦ƒVƒXƒeƒ€,‘–±•”,•”’·,¼–{@^—R”ü,090-9221-1608,user0213@example.jp,2025/02/20
000214,330-9063,é‹ÊŒ§,‚³‚¢‚½‚ÜŽs‰Y˜a‹æ,‚»3-11-11,,‡“¯‰ïŽÐƒ_ƒ~[,Œo—•”,,ŽRŒû@’¼Ž÷,090-8159-8883,user0214@example.jp,2025/05/08
000215,260-0613,ç—tŒ§,ç—tŽs’†‰›‹æ,’†‰›2-13-15,,ƒTƒ“ƒvƒ‹•¨ŽYŠ”Ž®‰ïŽÐ,‘–±•”,‰Û’·,¼–{@‘ñ–ç,043-377-8260,user0215@example.jp,2023/05/08
000216,900-1515,‰«“êŒ§,“ß”eŽs,‹v–Î’n3-14-2,,Š”Ž®‰ïŽÐƒTƒ“ƒvƒ‹¤Ž–,‰c‹Æ•”,,‰Á“¡@—²,098-507-3491,user0216@example.jp,2022/11/25
000217,650-2921,•ºŒÉŒ§,_ŒËŽs’†‰›‹æ,ŽO‹{’¬4-12-13,,Š”Ž®‰ïŽÐ—áŽ¦ƒVƒXƒeƒ€,‘–±•”,‰Û’·,ŽR“c@‘ñ–ç,078-840-9702,user0217@example.jp,2022/10/09
000218,460-5708,ˆ¤’mŒ§,–¼ŒÃ‰®Žs’†‹æ,‰h4-7-1,,,,,’†‘º@—DŽq,090-6489-3816,user0218@example.jp,2023/02/22
000219,060-4501,–kŠC“¹,ŽD–yŽs’†‰›‹æ,–kˆêð¼4-16-15,ƒTƒ“ƒvƒ‹ƒrƒ‹2F,Š”Ž®‰ïŽÐ—áŽ¦ƒVƒXƒeƒ€,Œo—•”,Žå”C,ŽRŒû@’¼Ž÷,090-5095-9953,user0219@example.jp,2025/02/03
000220,260-1713,ç—tŒ§,ç—tŽs’†‰›‹æ,’†‰›4-14-3,,‡“¯‰ïŽÐƒ_ƒ~[,Œo—•”,‰Û’·,‹g“c@—DŽq,043-975-3767,user0220@example.jp,2022/05/15
000221,980-0711,‹{éŒ§,å‘äŽsÂ—t‹æ,ˆê”Ô’¬1-12-11,»ÝÌßÙËÞÙ5F,‡“¯‰ïŽÐƒ_ƒ~[,‰c‹Æ•”,,ŽR“c@^—R”ü,022-786-7150,,2025/08/26
000222,‚P‚O‚O|‚O‚O‚O‚T,‘åã•{,‘åãŽs–k‹æ,”~“c5-15-14,,,,,¼–{@‘¾˜Y,090-2939-2607,user0222@example.jp,2022/08/16
000223,060-4301,–kŠC“¹,ŽD–yŽs’†‰›‹æ,–kˆêð¼5-7-15,ƒTƒ“ƒvƒ‹ƒrƒ‹8F,ƒTƒ“ƒvƒ‹•¨ŽYŠ”Ž®‰ïŽÐ,‘–±•”,‰Û’·,—Ñ@‰ÔŽq,011-564-4234,user0223@example.jp,2022/01/13
000224,600-5316,‹ž“s•{,‹ž“sŽs‰º‹ž‹æ,“Œ‰–¬˜H’¬3-19-1,,,,,–Ø‘º@”üç,075-170-2406,user0224@example.jp,2023/07/24
000225,730-4111,L“‡Œ§,L“‡Žs’†‹æ,Šî’¬2-6-11,ƒTƒ“ƒvƒ‹ƒrƒ‹6F,‡“¯‰ïŽÐƒ_ƒ~[,‘–±•”,,´…@—TŽq,090-1827-9970,,2022/09/12
000226,460-5008,ˆ¤’mŒ§,–¼ŒÃ‰®Žs’†‹æ,‰h1-11-7,ƒTƒ“ƒvƒ‹ƒrƒ‹12F,,,,ˆÉ“¡@”üç,052-891-8957,user0226@example.jp,2024/12/27
000227,220-0011,_“ÞìŒ§,‰¡•lŽs¼‹æ,‚“‡3-4-2,ƒTƒ“ƒvƒ‹ƒrƒ‹9F,—LŒÀ‰ïŽÐƒeƒXƒgH‹Æ,‰c‹Æ•”,Žå”C,ˆäã@—²,045-580-8680,,2025/04/07
000228,060-0901,–kŠC“¹,ŽD–yŽs’†‰›‹æ,–kˆêð¼2-4-8,ƒeƒXƒgƒ}ƒ“ƒVƒ‡ƒ“377†Žº,Š”Ž®‰ïŽÐƒTƒ“ƒvƒ‹¤Ž–,Œo—•”,Žå”C,–Ø‘º@_,011-499-9849,user0228@example.jp,2025/04/17
000229,100-4005,“Œ‹ž“s,ç‘ã“c‹æ,ŠÛ‚Ì“à2-18-12,,,,,²X–Ø@ãÄ,090-9782-8203,user0229@example.jp,2024/08/13
000230,100-3505,“Œ‹ž“s,ç‘ã“c‹æ,ŠÛ‚Ì“à1-16-11,,‡“¯‰ïŽÐƒ_ƒ~[,‰c‹Æ•”,Žå”C,“c’†@—R”ü,03-4166-3493,,2022/11/08
000231,900-3915,‰«“êŒ§,“ß”eŽs,‹v–Î’n3-20-10,‚Æ‚Ä‚à’·‚¢Œš•¨–¼‚ÌƒTƒ“ƒvƒ‹ƒ^ƒ[ƒŒƒWƒfƒ“ƒX“Œ“ÅãŠKƒyƒ“ƒgƒnƒEƒX,,,,¬—Ñ@—DŽq,098-868-3368,,2024/04/26
000232,530-7901,‘åã•{,‘åãŽs–k‹æ,”~“c2-2-4,,Š”Ž®‰ïŽÐƒTƒ“ƒvƒ‹¤Ž–,‘–±•”,•”’·,—Ñ@ˆ¤,06-6895-3255,user0232@example.jp,2024/03/15
000233,060-8701,–kŠC“¹,ŽD–yŽs’†‰›‹æ,–kˆêð¼5-4-6,,Š”Ž®‰ïŽÐ—áŽ¦ƒVƒXƒeƒ€,‰c‹Æ•”,•”’·,ˆäã@—R”ü,011-114-4784,,2025/04/11
000234,600014,_“ÞìŒ§,‰¡•lŽs¼‹æ,‚“‡3-1-10,,Š”Ž®‰ïŽÐ—áŽ¦ƒVƒXƒeƒ€,‘–±•”,•”’·,ˆäã@‘å•ã,090-8780-2574,user0234@example.jp,2022/04/21
000235,900-5415,‰«“êŒ§,“ß”eŽs,‹v–Î’n3-16-8,ƒTƒ“ƒvƒ‹ƒrƒ‹10F,ƒTƒ“ƒvƒ‹•¨ŽYŠ”Ž®‰ïŽÐ,‰c‹Æ•”,‰Û’·,ŽR“c@Œb,098-138-6180,user0235@example.jp,2022/10/26
000236,100-7505,“Œ‹ž“s,ç‘ã“c‹æ,ŠÛ‚Ì“à2-15-1,ƒeƒXƒgƒ}ƒ“ƒVƒ‡ƒ“220†Žº,ƒTƒ“ƒvƒ‹•¨ŽYŠ”Ž®‰ïŽÐ,Œo—•”,‰Û’·,Ö“¡@ˆê˜Y,090-4268-3526,user0236@example.jp,2024/10/20
000237,650-9821,•ºŒÉŒ§,_ŒËŽs’†‰›‹æ,ŽO‹{’¬2-5-7,,,,,²X–Ø@‰ÔŽq,078-976-4742,user0237@example.jp,2023/05/06
000238,100-5905,“Œ‹ž“s,ç‘ã“c‹æ,ŠÛ‚Ì“à4-1-15,,,,,‰Á“¡@Œb,03-9543-1517,user0238@example.jp,2023/09/09
000239,460-0808,ˆ¤’mŒ§,–¼ŒÃ‰®Žs’†‹æ,‰h3-7-14,,‡“¯‰ïŽÐƒ_ƒ~[,Œo—•”,Žå”C,’†‘º@ˆ¤,090-8500-3317,user0239@example.jp,2025/12/19
000240,100-7205,“Œ‹ž“s,ç‘ã“c‹æ,ŠÛ‚Ì“à1-10-8,,Š”Ž®‰ïŽÐƒTƒ“ƒvƒ‹¤Ž–,‰c‹Æ•”,,ŽR“c@_,03-6564-1743,user0240@example.jp,2024/04/03
000241,160-7322,“Œ‹ž“s,Vh‹æ,Vh5-3-15,,‡“¯‰ïŽÐƒ_ƒ~[,‰c‹Æ•”,•”’·,¼–{@’¼Ž÷,03-2645-6129,,2025/07/07
000242,060-2301,–kŠC“¹,ŽD–yŽs’†‰›‹æ,–kˆêð¼2-2-1,,,,,ŽR“c@ˆ¤,011-202-2950,user0242@example.jp,2022/02/16
000243,900-6815,‰«“êŒ§,“ß”eŽs,‹v–Î’n3-17-3,,Š”Ž®‰ïŽÐ—áŽ¦ƒVƒXƒeƒ€,‘–±•”,•”’·,ŽRŒû@‘ñ–ç,090-8226-3958,user0243@example.jp,2023/04/25
000244,530-9801,‘åã•{,‘åãŽs–k‹æ,”~“c2-20-9,,,,,Ö“¡@Œ’,06-4861-4706,,2025/10/05
000245,060-7601,–kŠC“¹,ŽD–yŽs’†‰›‹æ,–kˆêð¼2-18-15,,Š”Ž®‰ïŽÐƒTƒ“ƒvƒ‹¤Ž–,‰c‹Æ•”,•”’·,—é–Ø@ˆê˜Y,011-578-7174,,2023/12/28
000246,460-2808,ˆ¤’mŒ§,–¼ŒÃ‰®Žs’†‹æ,‰h1-12-2,ƒTƒ“ƒvƒ‹ƒrƒ‹8F,,,,²X–Ø@—zŽq,052-420-3574,user0246@example.jp,2025/04/01
000247,060-5901,–kŠC“¹,ŽD–yŽs’†‰›‹æ,–kˆêð¼3-3-2,ƒeƒXƒgƒ}ƒ“ƒVƒ‡ƒ“148†Žº,‡“¯‰ïŽÐƒ_ƒ~[,‘–±•”,Žå”C,‹g“c@½,011-192-9015,user0247@example.jp,2025/05/01
000248,260-6513,ç—tŒ§,ç—tŽs’†‰›‹æ,’†‰›2-14-9,,Š”Ž®‰ïŽÐƒTƒ“ƒvƒ‹¤Ž–,‘–±•”,‰Û’·,“n•Ó@ˆê˜Y,043-613-4321,,2024/01/12
000249,812-9911,•Ÿ‰ªŒ§,•Ÿ‰ªŽs”Ž‘½‹æ,”Ž‘½‰w‘O3-20-13,ƒTƒ“ƒvƒ‹ƒrƒ‹7F,,,,Ö“¡@’¼Ž÷,092-485-7355,user0249@example.jp,2022/05/17
000250,150-9901,“Œ‹ž“s,a’J‹æ,_‹{‘O5-12-13,,,,,´…@Œb,03-3327-2227,user0250@example.jp,2023/06/09
000251,100-3005,“Œ‹ž“s,ç‘ã“c‹æ,ŠÛ‚Ì“à4-4-6,,—LŒÀ‰ïŽÐƒeƒXƒgH‹Æ,‰c‹Æ•”,‰Û’·,—Ñ@’¼Ž÷,03-3909-8136,,2023/08/27
000252,600-1216,‹ž“s•{,‹ž“sŽs‰º‹ž‹æ,“Œ‰–¬˜H’¬5-1-11,,,,,²X–Ø@ãÄ,075-820-3066,user0252@example.jp,2023/11/28
000253,160-4922,“Œ‹ž“s,Vh‹æ,Vh4-9-9,ƒeƒXƒgƒ}ƒ“ƒVƒ‡ƒ“430†Žº,,,,´…@Œ’,03-9082-8489,user0253@example.jp,2025/01/15
000254,530-4301,‘åã•{,‘åãŽs–k‹æ,”~“c1-1-4,,,,,¬—Ñ@Ê,06-2378-1826,,2024/06/03
000255,460-6708,ˆ¤’mŒ§,–¼ŒÃ‰®Žs’†‹æ,‰h3-3-12,ƒeƒXƒgƒ}ƒ“ƒVƒ‡ƒ“649†Žº,,,,—é–Ø@Œb,052-766-4654,user0255@example.jp,2023/04/23
000256,812-2511,•Ÿ‰ªŒ§,•Ÿ‰ªŽs”Ž‘½‹æ,”Ž‘½‰w‘O4-10-4,ƒTƒ“ƒvƒ‹ƒrƒ‹10F,‡“¯‰ïŽÐƒ_ƒ~[,‘–±•”,•”’·,“c’†@‰ÔŽq,090-6495-7753,,2023/03/26
000257,730-8411,L“‡Œ§,L“‡Žs’†‹æ,Šî’¬5-5-11,ƒeƒXƒgƒ}ƒ“ƒVƒ‡ƒ“169†Žº,Š”Ž®‰ïŽÐƒTƒ“ƒvƒ‹¤Ž–,Œo—•”,,ŽR–{@ãÄ,082-854-8815,user0257@example.jp,2023/03/21
000258,460-5108,ˆ¤’mŒ§,–¼ŒÃ‰®Žs’†‹æ,‰h2-3-4,,Š”Ž®‰ïŽÐƒTƒ“ƒvƒ‹¤Ž–,Œo—•”,•”’·,–Ø‘º@‰ÔŽq,090-4220-6454,user0258@example.jp,2022/03/15
000259,220-2111,_“ÞìŒ§,‰¡•lŽs¼‹æ,‚“‡5-15-2,,‡“¯‰ïŽÐƒ_ƒ~[,Œo—•”,•”’·,“c’†@‰ÔŽq,090-8112-4654,user0259@example.jp,2023/01/08
000260,160-4722,“Œ‹ž“s,Vh‹æ,Vh3-4-15,,ƒTƒ“ƒvƒ‹•¨ŽYŠ”Ž®‰ïŽÐ,‰c‹Æ•”,•”’·,¬—Ñ@‘ñ–ç,090-9753-3514,,2024/09/10
000261,980-5811,‹{éŒ§,å‘äŽsÂ—t‹æ,ˆê”Ô’¬4-18-11,,Š”Ž®‰ïŽÐƒTƒ“ƒvƒ‹¤Ž–,Œo—•”,‰Û’·,‹g“c@—R”ü,228668732,,2022/06/08
000262,260-0013,ç—tŒ§,ç—tŽs’†‰›‹æ,’†‰›3-17-10,,Š”Ž®‰ïŽÐ—áŽ¦ƒVƒXƒeƒ€,‘–±•”,•”’·,ˆÉ“¡@ˆ¤,090-7769-6246,user0262@example.jp,2024/04/19
000263,460-0608,ˆ¤’mŒ§,–¼ŒÃ‰®Žs’†‹æ,‰h4-15-10,ƒeƒXƒgƒ}ƒ“ƒVƒ‡ƒ“595†Žº,,,,Ö“¡@ˆê˜Y,090-1060-1371,,2022/09/25
000264,650-9221,•ºŒÉŒ§,_ŒËŽs’†‰›‹æ,ŽO‹{’¬4-5-15,ƒTƒ“ƒvƒ‹ƒrƒ‹5F,—LŒÀ‰ïŽÐƒeƒXƒgH‹Æ,‰c‹Æ•”,•”’·,ŽR“c@‰ÔŽq,078-635-2092,user0264@example.jp,2022/12/22
000265,220-2911,_“ÞìŒ§,‰¡•lŽs¼‹æ,‚“‡4-7-11,,Š”Ž®‰ïŽÐ—áŽ¦ƒVƒXƒeƒ€,‰c‹Æ•”,Žå”C,ˆÉ“¡@—²,090-6456-8265,user0265@example.jp,2025/10/08
000266,730-2211,L“‡Œ§,L“‡Žs’†‹æ,Šî’¬1-6-3,ƒeƒXƒgƒ}ƒ“ƒVƒ‡ƒ“439†Žº,Š”Ž®‰ïŽÐ—áŽ¦ƒVƒXƒeƒ€,‘–±•”,,ˆÉ“¡@—zŽq,082-812-5693,user0266@example.jp,2022/12/19
000267,330-6963,é‹ÊŒ§,‚³‚¢‚½‚ÜŽs‰Y˜a‹æ,‚»5-19-7,,Š”Ž®‰ïŽÐ—áŽ¦ƒVƒXƒeƒ€,‘–±•”,•”’·,“c’†@—²,048-717-8390,,2022/03/21
000268,730-3511,L“‡Œ§,L“‡Žs’†‹æ,Šî’¬4-2-9,ƒeƒXƒgƒ}ƒ“ƒVƒ‡ƒ“176†Žº,—LŒÀ‰ïŽÐƒeƒXƒgH‹Æ,‘–±•”,,‹g“c@_,082-479-1415,user0268@example.jp,2025/03/25
000269,060-7401,–kŠC“¹,ŽD–yŽs’†‰›‹æ,–kˆêð¼1-7-7,,Š”Ž®‰ïŽÐƒTƒ“ƒvƒ‹¤Ž–,Œo—•”,‰Û’·,²“¡@Ê,090-2280-6373,,2022/12/09
000270,812-9911,•Ÿ‰ªŒ§,•Ÿ‰ªŽs”Ž‘½‹æ,”Ž‘½‰w‘O1-13-13,ƒTƒ“ƒvƒ‹ƒrƒ‹3F,ƒTƒ“ƒvƒ‹•¨ŽYŠ”Ž®‰ïŽÐ,‰c‹Æ•”,,ˆÉ“¡@‰ÔŽq,092-107-3117,,2022/01/03
000271,150-5901,“Œ‹ž“s,a’J‹æ,_‹{‘O4-4-3,,,,,’†‘º@½,090-2170-7180,user0271@example.jp,2024/08/03
000272,980-7711,‹{éŒ§,å‘äŽsÂ—t‹æ,ˆê”Ô’¬1-8-1,,,,,“n•Ó@—²,022-318-8838,user0272@example.jp,2022/02/15
000273,650-6421,•ºŒÉŒ§,_ŒËŽs’†‰›‹æ,ŽO‹{’¬2-3-5,ƒTƒ“ƒvƒ‹ƒrƒ‹10F,,,,“n•Ó@Ê,078-410-3594,,2025/11/20
000274,600-3816,‹ž“s•{,‹ž“sŽs‰º‹ž‹æ,“Œ‰–¬˜H’¬2-19-4,ƒeƒXƒgƒ}ƒ“ƒVƒ‡ƒ“610†Žº,,,,–Ø‘º@^—R”ü,075-377-6143,user0274@example.jp,2025/11/19
000275,100-4705,“Œ‹ž“s,ç‘ã“c‹æ,ŠÛ‚Ì“à5-16-2,ƒTƒ“ƒvƒ‹ƒrƒ‹11F,,,,“c’†@½,090-2171-4703,user0275@example.jp,2022/03/11
000276,600-9016,‹ž“s•{,‹ž“sŽs‰º‹ž‹æ,“Œ‰–¬˜H’¬1-20-9,ƒTƒ“ƒvƒ‹ƒrƒ‹6F,,,,¬—Ñ@Ê,090-1991-4205,,2022/02/25
000277,100-0405,“Œ‹ž“s,ç‘ã“c‹æ,ŠÛ‚Ì“à2-18-6,ƒTƒ“ƒvƒ‹ƒrƒ‹3F,—LŒÀ‰ïŽÐƒeƒXƒgH‹Æ,‰c‹Æ•”,Žå”C,¼–{@—R”ü,090-3844-8009,user0277@example.jp,2022/09/14
000278,730-1611,L“‡Œ§,L“‡Žs’†‹æ,Šî’¬3-15-3,,,,,´…@^—R”ü,090-9007-8157,,2025/05/19
000279,100-1405,“Œ‹ž“s,ç‘ã“c‹æ,ŠÛ‚Ì“à5-16-1,,—LŒÀ‰ïŽÐƒeƒXƒgH‹Æ,Œo—•”,•”’·,‰Á“¡@_,03-4459-3238,user0279@example.jp,2023/08/27
000280,730-2711,L“‡Œ§,L“‡Žs’†‹æ,Šî’¬3-12-5,ƒTƒ“ƒvƒ‹ƒrƒ‹10F,,,,“n•Ó@‰ÔŽq,090-9589-8575,user0280@example.jp,2024/01/23
000281,100-7905,“Œ‹ž“s,ç‘ã“c‹æ,ŠÛ‚Ì“à4-18-8,,Š”Ž®‰ïŽÐƒTƒ“ƒvƒ‹¤Ž–,‰c‹Æ•”,Žå”C,‹g“c@Œb,03-2263-3167,,2022/08/26
000282,600-4516,‹ž“s•{,‹ž“sŽs‰º‹ž‹æ,“Œ‰–¬˜H’¬5-2-3,,,,,´…@—DŽq,075-199-1325,user0282@example.jp,2023/09/12
000283,650-6121,•ºŒÉŒ§,_ŒËŽs’†‰›‹æ,ŽO‹{’¬1-16-10,ƒeƒXƒgƒ}ƒ“ƒVƒ‡ƒ“196†Žº,,,,ŽR“c@‘¾˜Y,078-635-9509,,2025/11/25
000284,650-4221,•ºŒÉŒ§,_ŒËŽs’†‰›‹æ,ŽO‹{’¬4-20-2,,,,,Ö“¡@—R”ü,078-166-4967,,2023/01/16
000285,260-3213,ç—tŒ§,ç—tŽs’†‰›‹æ,’†‰›5-12-13,,Š”Ž®‰ïŽÐ—áŽ¦ƒVƒXƒeƒ€,‰c‹Æ•”,,¬—Ñ@^—R”ü,043-978-5914,user0285@example.jp,2022/08/02
000286,460-5508,ˆ¤’mŒ§,–¼ŒÃ‰®Žs’†‹æ,‰h3-7-8,ƒTƒ“ƒvƒ‹ƒrƒ‹5F,Š”Ž®‰ïŽÐƒTƒ“ƒvƒ‹¤Ž–,Œo—•”,•”’·,²X–Ø@ˆ¤,052-245-9310,user0286@example.jp,2025/03/26
000287,530-7901,‘åã•{,‘åãŽs–k‹æ,”~“c4-17-2,,Š”Ž®‰ïŽÐƒTƒ“ƒvƒ‹¤Ž–,‘–±•”,‰Û’·,“c’†@_,090-6461-3042,,2024/03/12
000288,650-4821,•ºŒÉŒ§,_ŒËŽs’†‰›‹æ,ŽO‹{’¬1-18-12,ƒeƒXƒgƒ}ƒ“ƒVƒ‡ƒ“173†Žº,,,,‹g“c@’¼Ž÷,078-782-4945,,2024/03/27
000289,812-4811,•Ÿ‰ªŒ§,•Ÿ‰ªŽs”Ž‘½‹æ,”Ž‘½‰w‘O4-13-8,ƒeƒXƒgƒ}ƒ“ƒVƒ‡ƒ“621†Žº,,,,¬—Ñ@½,092-901-5874,,2022/03/14
000290,220-2711,_“ÞìŒ§,‰¡•lŽs¼‹æ,‚“‡4-4-14,,ƒTƒ“ƒvƒ‹•¨ŽYŠ”Ž®‰ïŽÐ,Œo—•”,Žå”C,¼–{@^—R”ü,045-915-5174,,2023/10/25
000291,220-2011,_“ÞìŒ§,‰¡•lŽs¼‹æ,‚“‡1-8-4,ƒTƒ“ƒvƒ‹ƒrƒ‹4F,Š”Ž®‰ïŽÐƒTƒ“ƒvƒ‹¤Ž–,‘–±•”,•”’·,—é–Ø@Œ’,045-166-7781,user0291@example.jp,2022/01/19
000292,330-1663,é‹ÊŒ§,‚³‚¢‚½‚ÜŽs‰Y˜a‹æ,‚»1-7-7,ƒeƒXƒgƒ}ƒ“ƒVƒ‡ƒ“686†Žº,—LŒÀ‰ïŽÐƒeƒXƒgH‹Æ,‘–±•”,•”’·,‰Á“¡@Œ’,048-385-5176,user0292@example.jp,2022/08/02
000293,980-4711,‹{éŒ§,å‘äŽsÂ—t‹æ,ˆê”Ô’¬4-19-15,,ƒTƒ“ƒvƒ‹•¨ŽYŠ”Ž®‰ïŽÐ,Œo—•”,Žå”C,ŽRŒû@‘å•ã,090-9896-2046,,2024/10/20
000294,460-1008,ˆ¤’mŒ§,–¼ŒÃ‰®Žs’†‹æ,‰h3-20-8,,—LŒÀ‰ïŽÐƒeƒXƒgH‹Æ,Œo—•”,,“n•Ó@_,052-159-7356,user0294@example.jp,2023/03/12
000295,100-8205,“Œ‹ž“s,ç‘ã“c‹æ,ŠÛ‚Ì“à3-6-15,,,,,’†‘º@Ê,090-2380-1709,,2023/02/19
000296,530-7501,‘åã•{,‘åãŽs–k‹æ,”~“c1-17-9,ƒTƒ“ƒvƒ‹ƒrƒ‹7F,‡“¯‰ïŽÐƒ_ƒ~[,‘–±•”,,‚‹´@”üç,06-2051-7569,user0296@example.jp,2023/09/13
000297,100-5905,“Œ‹ž“s,ç‘ã“c‹æ,ŠÛ‚Ì“à4-4-8,ƒTƒ“ƒvƒ‹ƒrƒ‹12F,‡“¯‰ïŽÐƒ_ƒ~[,Œo—•”,‰Û’·,¼–{@—zŽq,090-3264-3890,user0297@example.jp,2025/10/19
000298,060-3601,–kŠC“¹,ŽD–yŽs’†‰›‹æ,–kˆêð¼4-7-14,,,,,‹g“c@½,090-6377-5524,user0298@example.jp,2025/05/16
000299,460-5608,ˆ¤’mŒ§,–¼ŒÃ‰®Žs’†‹æ,‰h3-18-9,,‡“¯‰ïŽÐƒ_ƒ~[,Œo—•”,‰Û’·,‰Á“¡@—TŽq,052-188-8703,user0299@example.jp,2022/08/09
000300,600-7116,‹ž“s•{,‹ž“sŽs‰º‹ž‹æ,“Œ‰–¬˜H’¬1-1-5,,Š”Ž®‰ïŽÐ—áŽ¦ƒVƒXƒeƒ€,‰c‹Æ•”,,²X–Ø@^—R”ü,075-411-8979,user0300@example.jp,2023/09/28
301,160-5122,“Œ‹ž“s,Vh‹æ,Vh5-13-6,ƒeƒXƒgƒ}ƒ“ƒVƒ‡ƒ“130†Žº,‡“¯‰ïŽÐƒ_ƒ~[,Œo—•”,•”’·,ŽR–{@‰ÔŽq,03-1381-6311,user0301@example.jp,2025/05/26
000302,650-8921,•ºŒÉŒ§,_ŒËŽs’†‰›‹æ,ŽO‹{’¬5-18-15,,,,,“c’†@Œb,078-898-1172,,2022/06/16
000303,160-9922,“Œ‹ž“s,Vh‹æ,Vh5-19-7,,—LŒÀ‰ïŽÐƒeƒXƒgH‹Æ,‘–±•”,‰Û’·,Ö“¡@—zŽq,090-5701-4513,,2023/05/02
000304,900-2515,‰«“êŒ§,“ß”eŽs,‹v–Î’n5-18-3,,‡“¯‰ïŽÐƒ_ƒ~[,‰c‹Æ•”,‰Û’·,Ö“¡@’¼Ž÷,098-102-2011,user0304@example.jp,2022/12/18
000305,600-7416,‹ž“s•{,‹ž“sŽs‰º‹ž‹æ,“Œ‰–¬˜H’¬5-4-8,ƒeƒXƒgƒ}ƒ“ƒVƒ‡ƒ“774†Žº,,,,²X–Ø@‰ÔŽq,075-996-8304,user0305@example.jp,2024/06/18
000306,650-8721,•ºŒÉŒ§,_ŒËŽs’†‰›‹æ,ŽO‹{’¬2-6-2,,Š”Ž®‰ïŽÐ—áŽ¦ƒVƒXƒeƒ€,Œo—•”,,‚‹´@‰ÔŽq,090-8352-5062,user0306@example.jp,2025/12/03
000307,530-0001,‘åã•{,‘åãŽs–k‹æ,”~“c3-12-10,,ƒTƒ“ƒvƒ‹•¨ŽYŠ”Ž®‰ïŽÐ,Œo—•”,Žå”C,—Ñ@‰ÔŽq,090-1749-1247,user0307@example.jp,2024/08/13
000308,530-4701,‘åã•{,‘åãŽs–k‹æ,”~“c2-19-4,ƒTƒ“ƒvƒ‹ƒrƒ‹2F,‡“¯‰ïŽÐƒ_ƒ~[,‰c‹Æ•”,‰Û’·,‰Á“¡@Œ’,06-7720-3265,,2023/06/11
000309,980-8311,‹{éŒ§,å‘äŽsÂ—t‹æ,ˆê”Ô’¬1-13-2,,,,,’†‘º@_,022-562-7572,user0309@example.jp,2024/07/08
000310,100-7105,“Œ‹ž“s,ç‘ã“c‹æ,ŠÛ‚Ì“à5-14-2,,Š”Ž®‰ïŽÐƒTƒ“ƒvƒ‹¤Ž–,‰c‹Æ•”,‰Û’·,Ö“¡@—DŽq,03-1019-2106,user0310@example.jp,2025/05/02
000311,812-5711,•Ÿ‰ªŒ§,•Ÿ‰ªŽs”Ž‘½‹æ,”Ž‘½‰w‘O3-2-4,,—LŒÀ‰ïŽÐƒeƒXƒgH‹Æ,Œo—•”,,ŽRŒû@‘å•ã,090-8161-9980,,2022/08/04
000312,160-3222,“Œ‹ž“s,Vh‹æ,Vh5-2-13,,‡“¯‰ïŽÐƒ_ƒ~[,‘–±•”,•”’·,ŽR“c@^—R”ü,090-6172-5718,,2023/11/22
000313,150-2601,“Œ‹ž“s,a’J‹æ,_‹{‘O5-5-11,,—LŒÀ‰ïŽÐƒeƒXƒgH‹Æ,‘–±•”,‰Û’·,ŽR“c@ãÄ,03-8144-4065,user0313@example.jp,2025/07/20
000314,600-1916,‹ž“s•{,‹ž“sŽs‰º‹ž‹æ,“Œ‰–¬˜H’¬3-4-10,ƒeƒXƒgƒ}ƒ“ƒVƒ‡ƒ“300†Žº,ƒTƒ“ƒvƒ‹•¨ŽYŠ”Ž®‰ïŽÐ,‘–±•”,,“c’†@Ê,075-604-9213,user0314@example.jp,2025/11/02
000315,600-7716,‹ž“s•{,‹ž“sŽs‰º‹ž‹æ,“Œ‰–¬˜H’¬4-1-5,,,,,ˆÉ“¡@Œb,075-509-8602,,2022/07/11
000316,220-7811,_“ÞìŒ§,‰¡•lŽs¼‹æ,‚“‡4-14-9,,—LŒÀ‰ïŽÐƒeƒXƒgH‹Æ,‘–±•”,‰Û’·,¼–{@ˆ¤,045-739-6029,,2024/05/21
000317,900-0715,‰«“êŒ§,“ß”eŽs,‹v–Î’n3-19-14,ƒeƒXƒgƒ}ƒ“ƒVƒ‡ƒ“319†Žº,—LŒÀ‰ïŽÐƒeƒXƒgH‹Æ,‰c‹Æ•”,•”’·,²“¡@—²,098-193-1122,user0317@example.jp,2023/06/11
000318,812-7311,•Ÿ‰ªŒ§,•Ÿ‰ªŽs”Ž‘½‹æ,”Ž‘½‰w‘O2-15-15,,Š”Ž®‰ïŽÐ—áŽ¦ƒVƒXƒeƒ€,‰c‹Æ•”,•”’·,ˆäã@’¼Ž÷,090-1427-2434,user0318@example.jp,2023/11/17
000319,812-6411,•Ÿ‰ªŒ§,•Ÿ‰ªŽs”Ž‘½‹æ,”Ž‘½‰w‘O2-16-7,,Š”Ž®‰ïŽÐƒTƒ“ƒvƒ‹¤Ž–,‰c‹Æ•”,‰Û’·,ŽRŒû@—²,090-2767-3039,user0319@example.jp,2025/02/28
000320,100-5605,“Œ‹ž“s,ç‘ã“c‹æ,ŠÛ‚Ì“à4-16-7,ƒTƒ“ƒvƒ‹ƒrƒ‹7F,ƒTƒ“ƒvƒ‹•¨ŽYŠ”Ž®‰ïŽÐ,‰c‹Æ•”,•”’·,“c’†@”üç,03-7035-8168,user0320@example.jp,2022/12/10
000321,150-4801,“Œ‹ž“s,a’J‹æ,_‹{‘O4-8-4,,,,,’†‘º@½,090-1147-8604,,2025/01/09
000322,220-4411,_“ÞìŒ§,‰¡•lŽs¼‹æ,‚“‡4-15-2,,‡“¯‰ïŽÐƒ_ƒ~[,‰c‹Æ•”,,²X–Ø@—TŽq,045-283-6037,,2025/07/20
000323,060-1101,–kŠC“¹,ŽD–yŽs’†‰›‹æ,–kˆêð¼3-7-1,ƒTƒ“ƒvƒ‹ƒrƒ‹3F,ƒTƒ“ƒvƒ‹•¨ŽYŠ”Ž®‰ïŽÐ,‘–±•”,‰Û’·,—Ñ@ãÄ,011-900-9818,user0323@example.jp,2022/03/06
000324,650-9421,•ºŒÉŒ§,_ŒËŽs’†‰›‹æ,ŽO‹{’¬4-14-4,ƒTƒ“ƒvƒ‹ƒrƒ‹8F,,,,¬—Ñ@ˆ¤,078-295-4023,user0324@example.jp,2025/05/01
000325,730-6611,L“‡Œ§,L“‡Žs’†‹æ,Šî’¬1-9-4,ƒeƒXƒgƒ}ƒ“ƒVƒ‡ƒ“869†Žº,,,,“n•Ó@’¼Ž÷,082-445-4234,user0325@example.jp,2024/05/26
000326,060-6501,–kŠC“¹,ŽD–yŽs’†‰›‹æ,–kˆêð¼2-7-12,,,,,Ö“¡@½,011-220-3252,,2024/01/04
000327,460-0708,ˆ¤’mŒ§,–¼ŒÃ‰®Žs’†‹æ,‰h5-16-13,ƒeƒXƒgƒ}ƒ“ƒVƒ‡ƒ“489†Žº,ƒTƒ“ƒvƒ‹•¨ŽYŠ”Ž®‰ïŽÐ,‰c‹Æ•”,‰Û’·,ˆäã@ˆ¤,090-4773-3921,user0327@example.jp,2024/10/23
000328,100-6705,“Œ‹ž“s,ç‘ã“c‹æ,ŠÛ‚Ì“à4-6-7,,—LŒÀ‰ïŽÐƒeƒXƒgH‹Æ,Œo—•”,•”’·,ŽR“c@^—R”ü,03-6767-1666,,2024/06/02
000329,650-5721,•ºŒÉŒ§,_ŒËŽs’†‰›‹æ,ŽO‹{’¬4-3-13,,‡“¯‰ïŽÐƒ_ƒ~[,‘–±•”,Žå”C,ˆÉ“¡@‘å•ã,078-668-8074,,2023/09/03
000330,460-7708,ˆ¤’mŒ§,–¼ŒÃ‰®Žs’†‹æ,‰h1-8-6,,—LŒÀ‰ïŽÐƒeƒXƒgH‹Æ,Œo—•”,•”’·,´…@‘ñ–ç,052-757-9805,,2024/03/13
000331,100-2405,“Œ‹ž“s,ç‘ã“c‹æ,ŠÛ‚Ì“à5-8-4,,ƒTƒ“ƒvƒ‹•¨ŽYŠ”Ž®‰ïŽÐ,‰c‹Æ•”,•”’·,’†‘º@^—R”ü,03-2678-4408,,2023/11/26
000332,220-6711,_“ÞìŒ§,‰¡•lŽs¼‹æ,‚“‡1-19-2,ƒTƒ“ƒvƒ‹ƒrƒ‹5F,‡“¯‰ïŽÐƒ_ƒ~[,‘–±•”,,ŽR–{@Œ’,045-383-2757,,2022/03/26
000333,730-9511,L“‡Œ§,L“‡Žs’†‹æ,Šî’¬5-14-15,,,,,—Ñ@‘å•ã,082-955-7999,user0333@example.jp,2025/08/18
000334,980-2611,‹{éŒ§,å‘äŽsÂ—t‹æ,ˆê”Ô’¬4-12-10,,,,,‹g“c@‰ÔŽq,090-5632-3924,user0334@example.jp,2022/02/06
000335,730-3611,L“‡Œ§,L“‡Žs’†‹æ,Šî’¬4-17-9,,‡“¯‰ïŽÐƒ_ƒ~[,‘–±•”,•”’·,ŽRŒû@’¼Ž÷,082-923-9258,user0335@example.jp,2022/03/21
000336,060-2301,–kŠC“¹,ŽD–yŽs’†‰›‹æ,–kˆêð¼3-8-7,,,,,Ö“¡@^—R”ü,090-7400-5331,user0336@example.jp,2023/08/13
000337,160-0622,“Œ‹ž“s,Vh‹æ,Vh5-2-10,ƒTƒ“ƒvƒ‹ƒrƒ‹2F,,,,“n•Ó@^—R”ü,090-8060-9403,user0337@example.jp,2022/07/16
000338,900-5015,‰«“êŒ§,“ß”eŽs,‹v–Î’n5-6-8,,,,,²“¡@—TŽq,090-9637-8693,user0338@example.jp,2024/12/12
000339,220-2811,_“ÞìŒ§,‰¡•lŽs¼‹æ,‚“‡1-15-11,,,,,ˆÉ“¡@—²,045-381-1392,,2024/10/10
000340,730-9911,L“‡Œ§,L“‡Žs’†‹æ,Šî’¬3-17-2,,,,,²X–Ø@‘ñ–ç,082-703-6446,,2023/04/19
000341,460-0208,ˆ¤’mŒ§,–¼ŒÃ‰®Žs’†‹æ,‰h1-15-6,,‡“¯‰ïŽÐƒ_ƒ~[,‰c‹Æ•”,‰Û’·,’†‘º@‘ñ–ç,090-1246-2396,user0341@example.jp,2024/08/21
000342,060-5101,–kŠC“¹,ŽD–yŽs’†‰›‹æ,–kˆêð¼2-8-10,,,,,²“¡@—²,011-988-4715,,2023/05/20
000343,600-9716,‹ž“s•{,‹ž“sŽs‰º‹ž‹æ,“Œ‰–¬˜H’¬2-9-4,,‡“¯‰ïŽÐƒ_ƒ~[,‘–±•”,,–Ø‘º@—zŽq,090-6772-6432,user0343@example.jp,2025/09/01
000344,650-2621,•ºŒÉŒ§,_ŒËŽs’†‰›‹æ,ŽO‹{’¬4-16-14,ƒeƒXƒgƒ}ƒ“ƒVƒ‡ƒ“224†Žº,‡“¯‰ïŽÐƒ_ƒ~[,Œo—•”,Žå”C,‹g“c@Œ’,090-8432-6771,user0344@example.jp,2024/11/02
000345,530-1801,‘åã•{,‘åãŽs–k‹æ,”~“c3-9-8,,Š”Ž®‰ïŽÐƒTƒ“ƒvƒ‹¤Ž–,Œo—•”,Žå”C,—Ñ@’¼Ž÷,06-2494-4112,,2025/09/08
000346,980-2711,‹{éŒ§,å‘äŽsÂ—t‹æ,ˆê”Ô’¬2-20-9,ƒTƒ“ƒvƒ‹ƒrƒ‹3F,,,,´…@½,090-8900-9147,,2025/12/18
000347,530-2401,‘åã•{,‘åãŽs–k‹æ,”~“c1-4-11,,‡“¯‰ïŽÐƒ_ƒ~[,‰c‹Æ•”,,ˆäã@—TŽq,090-9413-6254,user0347@example.jp,2022/12/21
000348,530-8701,‘åã•{,‘åãŽs–k‹æ,”~“c4-7-8,ƒTƒ“ƒvƒ‹ƒrƒ‹8F,,,,“n•Ó@‘ñ–ç,06-4318-7485,user0348@example.jp,2025/02/12
000349,600-2316,‹ž“s•{,‹ž“sŽs‰º‹ž‹æ,“Œ‰–¬˜H’¬4-9-11,,Š”Ž®‰ïŽÐ—áŽ¦ƒVƒXƒeƒ€,Œo—•”,•”’·,ˆÉ“¡@’¼Ž÷,090-1389-9536,user0349@example.jp,2022/09/04
000350,150-6901,“Œ‹ž“s,a’J‹æ,_‹{‘O1-17-7,,‡“¯‰ïŽÐƒ_ƒ~[,‰c‹Æ•”,‰Û’·,¬—Ñ@ˆê˜Y,03-5470-3343,user0350@example.jp,2022/02/28
000351,330-4263,é‹ÊŒ§,‚³‚¢‚½‚ÜŽs‰Y˜a‹æ,‚»1-18-7,,Š”Ž®‰ïŽÐ—áŽ¦ƒVƒXƒeƒ€,‘–±•”,‰Û’·,ŽR“c@—R”ü,048-282-6358,user0351@example.jp,2023/12/06
000352,220-9711,_“ÞìŒ§,‰¡•lŽs¼‹æ,‚“‡4-16-12,,Š”Ž®‰ïŽÐ—áŽ¦ƒVƒXƒeƒ€,‘–±•”,,ŽRŒû@—TŽq,045-598-9898,,2023/12/04
000353,730-2111,L“‡Œ§,L“‡Žs’†‹æ,Šî’¬2-19-5,,Š”Ž®‰ïŽÐ—áŽ¦ƒVƒXƒeƒ€,Œo—•”,Žå”C,ŽR–{@ˆ¤,082-983-5435,,2024/01/27
000354,900-3115,‰«“êŒ§,“ß”eŽs,‹v–Î’n5-11-5,,Š”Ž®‰ïŽÐƒTƒ“ƒvƒ‹¤Ž–,‰c‹Æ•”,•”’·,ŽR“c@‘¾˜Y,098-417-5074,user0354@example.jp,2024/12/27
000355,812-1711,•Ÿ‰ªŒ§,•Ÿ‰ªŽs”Ž‘½‹æ,”Ž‘½‰w‘O4-10-15,ƒTƒ“ƒvƒ‹ƒrƒ‹7F,Š”Ž®‰ïŽÐ—áŽ¦ƒVƒXƒeƒ€,Œo—•”,•”’·,ˆäã@½,092-758-7704,,2022/10/11
000356,330-0063,é‹ÊŒ§,‚³‚¢‚½‚ÜŽs‰Y˜a‹æ,‚»5-16-1,,,,,‚‹´@ãÄ,048-964-6449,,2022/01/11
000357,460-0508,ˆ¤’mŒ§,–¼ŒÃ‰®Žs’†‹æ,‰h1-4-7,,Š”Ž®‰ïŽÐ—áŽ¦ƒVƒXƒeƒ€,Œo—•”,•”’·,Ö“¡@ˆ¤,052-912-7719,user0357@example.jp,2025/12/03
000358,460-6508,ˆ¤’mŒ§,–¼ŒÃ‰®Žs’†‹æ,‰h2-17-7,,ƒTƒ“ƒvƒ‹•¨ŽYŠ”Ž®‰ïŽÐ,Œo—•”,Žå”C,¼–{@Ê,090-1694-1186,user0358@example.jp,2025/05/08
000359,600-0216,‹ž“s•{,‹ž“sŽs‰º‹ž‹æ,“Œ‰–¬˜H’¬5-5-12,,,,,‰Á“¡@½,075-346-2135,,2023/01/10
000360,730-7711,L“‡Œ§,L“‡Žs’†‹æ,Šî’¬5-19-6,,Š”Ž®‰ïŽÐ—áŽ¦ƒVƒXƒeƒ€,‘–±•”,,´…@—²,082-720-4074,,2022/05/26
000361,530-5601,‘åã•{,‘åãŽs–k‹æ,”~“c5-4-13,ƒeƒXƒgƒ}ƒ“ƒVƒ‡ƒ“864†Žº,—LŒÀ‰ïŽÐƒeƒXƒgH‹Æ,‘–±•”,,ˆÉ“¡@’¼Ž÷,06-8027-5697,,2024/11/17
000362,060-8801,–kŠC“¹,ŽD–yŽs’†‰›‹æ,–kˆêð¼2-14-4,,,,,²X–Ø@‘¾˜Y,011-318-8504,,2024/07/02
000363,220-7411,_“ÞìŒ§,‰¡•lŽs¼‹æ,‚“‡2-11-9,,,,,“c’†@—R”ü,045-179-1758,,2024/03/07
000364,900-1615,‰«“êŒ§,“ß”eŽs,‹v–Î’n2-1-6,ƒTƒ“ƒvƒ‹ƒrƒ‹8F,ƒTƒ“ƒvƒ‹•¨ŽYŠ”Ž®‰ïŽÐ,‘–±•”,‰Û’·,²“¡@‰ÔŽq,098-618-2458,user0364@example.jp,2024/02/20
000365,530-7801,‘åã•{,‘åãŽs–k‹æ,”~“c5-17-1,,,,,ˆÉ“¡@‰ÔŽq,06-8647-8106,,2024/06/09
000366,530-4901,‘åã•{,‘åãŽs–k‹æ,”~“c3-9-2,,—LŒÀ‰ïŽÐƒeƒXƒgH‹Æ,‘–±•”,‰Û’·,ŽRŒû@½,06-8936-1912,user0366@example.jp,2024/05/06
000367,650-5821,•ºŒÉŒ§,_ŒËŽs’†‰›‹æ,ŽO‹{’¬3-14-6,ƒeƒXƒgƒ}ƒ“ƒVƒ‡ƒ“673†Žº,Š”Ž®‰ïŽÐ—áŽ¦ƒVƒXƒeƒ€,Œo—•”,•”’·,²“¡@‰ÔŽq,078-393-7574,user0367@example.jp,2025/02/28
000368,260-4313,ç—tŒ§,ç—tŽs’†‰›‹æ,’†‰›5-20-2,,‡“¯‰ïŽÐƒ_ƒ~[,‘–±•”,•”’·,–Ø‘º@‘ñ–ç,043-177-7262,user0368@example.jp,2025/04/05
000369,330-7063,é‹ÊŒ§,‚³‚¢‚½‚ÜŽs‰Y˜a‹æ,‚»5-11-10,,Š”Ž®‰ïŽÐƒTƒ“ƒvƒ‹¤Ž–,‰c‹Æ•”,•”’·,“c’†@—R”ü,048-984-2867,user0369@example.jp,2025/04/22
000370,260-0713,ç—tŒ§,ç—tŽs’†‰›‹æ,’†‰›1-15-4,ƒeƒXƒgƒ}ƒ“ƒVƒ‡ƒ“397†Žº,ƒTƒ“ƒvƒ‹•¨ŽYŠ”Ž®‰ïŽÐ,‰c‹Æ•”,•”’·,²“¡@Œb,043-162-4817,,2025/04/25
000371,260-3713,ç—tŒ§,ç—tŽs’†‰›‹æ,’†‰›2-3-2,,,,,ˆäã@—DŽq,090-4353-8425,,2024/12/23
000372,260-5913,ç—tŒ§,ç—tŽs’†‰›‹æ,’†‰›5-15-2,ƒTƒ“ƒvƒ‹ƒrƒ‹3F,,,,‚‹´@‘¾˜Y,043-562-3608,user0372@example.jp,2022/11/16
000373,160-5722,“Œ‹ž“s,Vh‹æ,Vh5-12-9,,Š”Ž®‰ïŽÐ—áŽ¦ƒVƒXƒeƒ€,‰c‹Æ•”,,‚‹´@½,03-1514-3194,,2023/05/24
000374,900-9915,‰«“êŒ§,“ß”eŽs,‹v–Î’n2-1-12,,ƒTƒ“ƒvƒ‹•¨ŽYŠ”Ž®‰ïŽÐ,Œo—•”,,Ö“¡@Œb,090-1373-9724,user0374@example.jp,2022/03/04
000375,160-0322,“Œ‹ž“s,Vh‹æ,Vh5-19-11,,ƒTƒ“ƒvƒ‹•¨ŽYŠ”Ž®‰ïŽÐ,‰c‹Æ•”,‰Û’·,—Ñ@Œb,03-6798-5357,user0375@example.jp,2022/10/25
000376,812-1811,•Ÿ‰ªŒ§,•Ÿ‰ªŽs”Ž‘½‹æ,”Ž‘½‰w‘O3-4-1,,,,,´…@—R”ü,092-560-6440,,2023/08/02
000377,150-9901,“Œ‹ž“s,a’J‹æ,_‹{‘O3-8-12,,‡“¯‰ïŽÐƒ_ƒ~[,‘–±•”,,–Ø‘º@’¼Ž÷,090-2396-2166,,2023/05/23
000378,100-6305,“Œ‹ž“s,ç‘ã“c‹æ,ŠÛ‚Ì“à4-4-7,ƒeƒXƒgƒ}ƒ“ƒVƒ‡ƒ“695†Žº,ƒTƒ“ƒvƒ‹•¨ŽYŠ”Ž®‰ïŽÐ,Œo—•”,Žå”C,¼–{@_,090-3944-4040,,2024/02/25
000379,060-1101,–kŠC“¹,ŽD–yŽs’†‰›‹æ,–kˆêð¼5-19-5,,,,,—Ñ@—zŽq,090-9895-5066,user0379@example.jp,2022/05/28
000380,600-2116,‹ž“s•{,‹ž“sŽs‰º‹ž‹æ,“Œ‰–¬˜H’¬1-3-5,,Š”Ž®‰ïŽÐƒTƒ“ƒvƒ‹¤Ž–,‘–±•”,•”’·,ˆÉ“¡@Ê,075-784-6693,user0380@example.jp,2023/05/10
000381,150-6401,“Œ‹ž“s,a’J‹æ,_‹{‘O1-18-13,,Š”Ž®‰ïŽÐ—áŽ¦ƒVƒXƒeƒ€,Œo—•”,,“c’†@‘ñ–ç,090-5345-6745,user0381@example.jp,2024/12/25
000382,150-4901,“Œ‹ž“s,a’J‹æ,_‹{‘O3-5-14,ƒTƒ“ƒvƒ‹ƒrƒ‹12F,‡“¯‰ïŽÐƒ_ƒ~[,Œo—•”,Žå”C,²“¡@‘ñ–ç,03-9868-2618,user0382@example.jp,2024/06/04
000383,060-0301,–kŠC“¹,ŽD–yŽs’†‰›‹æ,–kˆêð¼5-15-4,,‡“¯‰ïŽÐƒ_ƒ~[,‘–±•”,Žå”C,ŽR“c@‘å•ã,090-4087-8112,user0383@example.jp,2023/02/26
000384,100-5805,“Œ‹ž“s,ç‘ã“c‹æ,ŠÛ‚Ì“à1-11-14,,Š”Ž®‰ïŽÐƒTƒ“ƒvƒ‹¤Ž–,Œo—•”,Žå”C,‹g“c@‘ñ–ç,090-2805-9569,user0384@example.jp,2024/04/12
000385,330-8763,é‹ÊŒ§,‚³‚¢‚½‚ÜŽs‰Y˜a‹æ,‚»3-20-4,,Š”Ž®‰ïŽÐƒTƒ“ƒvƒ‹¤Ž–,‘–±•”,‰Û’·,²“¡@—TŽq,048-289-1648,user0385@example.jp,2022/11/06
000386,150-3601,“Œ‹ž“s,a’J‹æ,_‹{‘O1-1-11,ƒTƒ“ƒvƒ‹ƒrƒ‹11F,Š”Ž®‰ïŽÐ—áŽ¦ƒVƒXƒeƒ€,Œo—•”,Žå”C,ŽRŒû@—DŽq,03-1535-2673,user0386@example.jp,2024/01/02
000387,600-0516,‹ž“s•{,‹ž“sŽs‰º‹ž‹æ,“Œ‰–¬˜H’¬3-6-6,,,,,ŽRŒû@ˆ¤,075-865-2229,,2022/11/27
000388,150-5201,“Œ‹ž“s,a’J‹æ,_‹{‘O3-16-13,,Š”Ž®‰ïŽÐ—áŽ¦ƒVƒXƒeƒ€,Œo—•”,Žå”C,—é–Ø@½,03-7768-7734,,2025/02/22
000389,150-9601,“Œ‹ž“s,a’J‹æ,_‹{‘O3-12-13,,,,,‚‹´@‰ÔŽq,090-4350-2228,,2023/09/14
000390,600-1816,‹ž“s•{,‹ž“sŽs‰º‹ž‹æ,“Œ‰–¬˜H’¬1-14-13,ƒTƒ“ƒvƒ‹ƒrƒ‹5F,Š”Ž®‰ïŽÐ—áŽ¦ƒVƒXƒeƒ€,Œo—•”,,“c’†@ˆê˜Y,090-4325-4657,,2023/07/28
000391,260-9513,ç—tŒ§,ç—tŽs’†‰›‹æ,’†‰›2-14-15,,‡“¯‰ïŽÐƒ_ƒ~[,‰c‹Æ•”,,ˆäã@_,043-266-4296,user0391@example.jp,2023/01/09
000392,812-6311,•Ÿ‰ªŒ§,•Ÿ‰ªŽs”Ž‘½‹æ,”Ž‘½‰w‘O2-20-14,,,,,ŽR“c@—DŽq,090-6956-9645,user0392@example.jp,2023/04/19
000393,220-2211,_“ÞìŒ§,‰¡•lŽs¼‹æ,‚“‡2-20-10,,Š”Ž®‰ïŽÐ—áŽ¦ƒVƒXƒeƒ€,‰c‹Æ•”,,²X–Ø@ãÄ,045-978-4138,,2023/05/25
000394,160-9122,“Œ‹ž“s,Vh‹æ,Vh5-14-3,,,,,ˆäã@½,090-5507-2421,,2024/05/16
000395,060-6401,–kŠC“¹,ŽD–yŽs’†‰›‹æ,–kˆêð¼5-12-7,ƒeƒXƒgƒ}ƒ“ƒVƒ‡ƒ“594†Žº,—LŒÀ‰ïŽÐƒeƒXƒgH‹Æ,‘–±•”,,–Ø‘º@’¼Ž÷,011-381-3610,user0395@example.jp,2025/03/01
000396,150-4601,“Œ‹ž“s,a’J‹æ,_‹{‘O2-16-13,ƒTƒ“ƒvƒ‹ƒrƒ‹9F,‡“¯‰ïŽÐƒ_ƒ~[,‰c‹Æ•”,Žå”C,ŽRŒû@—²,03-8695-6128,,2025/09/21
000397,980-3211,‹{éŒ§,å‘äŽsÂ—t‹æ,ˆê”Ô’¬2-1-14,,,,,¬—Ñ@ˆ¤,090-4360-2806,,2022/01/06
000398,900-9315,‰«“êŒ§,“ß”eŽs,‹v–Î’n4-4-15,,Š”Ž®‰ïŽÐ—áŽ¦ƒVƒXƒeƒ€,‘–±•”,Žå”C,ˆÉ“¡@½,098-432-7366,user0398@example.jp,2025/03/04
000399,260-4813,ç—tŒ§,ç—tŽs’†‰›‹æ,’†‰›5-12-8,,,,,²“¡@^—R”ü,043-458-7861,user0399@example.jp,2022/04/19
000400,100-3205,“Œ‹ž“s,ç‘ã“c‹æ,ŠÛ‚Ì“à3-1-9,,,,,’†‘º@Œb,03-8329-9095,,2024/12/01
000401,150-0101,“Œ‹ž“s,a’J‹æ,_‹{‘O5-11-4,,‡“¯‰ïŽÐƒ_ƒ~[,‘–±•”,,ˆäã@—DŽq,090-6829-3577,user0401@example.jp,2022/08/09
000402,650-1221,•ºŒÉŒ§,_ŒËŽs’†‰›‹æ,ŽO‹{’¬3-12-12,,,,,’†‘º@Œ’,078-544-2051,user0402@example.jp,2025/09/16
000403,150-1701,“Œ‹ž“s,a’J‹æ,_‹{‘O3-14-5,ƒTƒ“ƒvƒ‹ƒrƒ‹10F,,,,‚‹´@‘å•ã,03-6564-1075,,2025/09/27
000404,730-6611,L“‡Œ§,L“‡Žs’†‹æ,Šî’¬5-15-1,,ƒTƒ“ƒvƒ‹•¨ŽYŠ”Ž®‰ïŽÐ,‰c‹Æ•”,‰Û’·,ˆÉ“¡@Œ’,082-925-1750,,2023/12/03
000405,150-9201,“Œ‹ž“s,a’J‹æ,_‹{‘O4-4-7,,,,,ŽR“c@Œ’,03-3107-2557,user0405@example.jp,2025/07/28
000406,730-5011,L“‡Œ§,L“‡Žs’†‹æ,Šî’¬2-3-1,,Š”Ž®‰ïŽÐƒTƒ“ƒvƒ‹¤Ž–,‘–±•”,‰Û’·,ŽRŒû@‘å•ã,082-493-4380,user0406@example.jp,2024/12/21
000407,530-8601,‘åã•{,‘åãŽs–k‹æ,”~“c4-8-8,,‡“¯‰ïŽÐƒ_ƒ~[,Œo—•”,,ŽR“c@^—R”ü,06-9218-2873,user0407@example.jp,2024/09/10
000408,100-8605,“Œ‹ž“s,ç‘ã“c‹æ,ŠÛ‚Ì“à2-19-15,ƒTƒ“ƒvƒ‹ƒrƒ‹9F,,,,“c’†@’¼Ž÷,03-1366-8291,,2025/07/09
000409,980-1611,‹{éŒ§,å‘äŽsÂ—t‹æ,ˆê”Ô’¬1-12-13,,Š”Ž®‰ïŽÐƒTƒ“ƒvƒ‹¤Ž–,‘–±•”,Žå”C,’†‘º@‘ñ–ç,022-180-8509,user0409@example.jp,2022/02/09
000410,980-9311,‹{éŒ§,å‘äŽsÂ—t‹æ,ˆê”Ô’¬2-14-9,ƒeƒXƒgƒ}ƒ“ƒVƒ‡ƒ“897†Žº,ƒTƒ“ƒvƒ‹•¨ŽYŠ”Ž®‰ïŽÐ,‰c‹Æ•”,Žå”C,—é–Ø@—TŽq,022-897-2338,,2023/04/22
000411,980-1511,‹{éŒ§,å‘äŽsÂ—t‹æ,ˆê”Ô’¬2-13-10,,ƒTƒ“ƒvƒ‹•¨ŽYŠ”Ž®‰ïŽÐ,‘–±•”,‰Û’·,¬—Ñ@‘¾˜Y,022-490-8258,user0411@example.jp,2025/04/04
000412,530-6301,‘åã•{,‘åãŽs–k‹æ,”~“c2-4-14,ƒeƒXƒgƒ}ƒ“ƒVƒ‡ƒ“516†Žº,Š”Ž®‰ïŽÐƒTƒ“ƒvƒ‹¤Ž–,‰c‹Æ•”,,‰Á“¡@ˆê˜Y,06-2387-6666,user0412@example.jp,2025/12/10
000413,812-3711,•Ÿ‰ªŒ§,•Ÿ‰ªŽs”Ž‘½‹æ,”Ž‘½‰w‘O2-13-14,ƒeƒXƒgƒ}ƒ“ƒVƒ‡ƒ“782†Žº,Š”Ž®‰ïŽÐ—áŽ¦ƒVƒXƒeƒ€,‰c‹Æ•”,‰Û’·,“n•Ó@_,092-688-7101,user0413@example.jp,2022/12/02
000414,650-4221,•ºŒÉŒ§,_ŒËŽs’†‰›‹æ,ŽO‹{’¬3-3-10,,‡“¯‰ïŽÐƒ_ƒ~[,Œo—•”,Žå”C,ŽR“c@Œ’,090-6601-4685,,2023/10/14
000415,900-8815,‰«“êŒ§,“ß”eŽs,‹v–Î’n2-1-14,,—LŒÀ‰ïŽÐƒeƒXƒgH‹Æ,Œo—•”,,ˆäã@Ê,090-2779-9066,,2023/06/03
000416,150-3901,“Œ‹ž“s,a’J‹æ,_‹{‘O5-8-7,ƒTƒ“ƒvƒ‹ƒrƒ‹4F,,,,‹g“c@Œ’,03-1999-3943,,2024/04/27
000417,260-8213,ç—tŒ§,ç—tŽs’†‰›‹æ,’†‰›5-10-14,,Š”Ž®‰ïŽÐƒTƒ“ƒvƒ‹¤Ž–,‰c‹Æ•”,,‹g“c@‘ñ–ç,043-428-2927,user0417@example.jp,2024/10/22
000418,160-5022,“Œ‹ž“s,Vh‹æ,Vh3-10-9,,Š”Ž®‰ïŽÐ—áŽ¦ƒVƒXƒeƒ€,‰c‹Æ•”,•”’·,´…@”üç,090-7212-9985,,2024/02/09
000419,330-2963,é‹ÊŒ§,‚³‚¢‚½‚ÜŽs‰Y˜a‹æ,‚»1-12-6,ƒTƒ“ƒvƒ‹ƒrƒ‹2F,,,,“c’†@‘å•ã,048-376-8833,user0419@example.jp,2022/09/26
000420,330-3063,é‹ÊŒ§,‚³‚¢‚½‚ÜŽs‰Y˜a‹æ,‚»5-20-9,ƒTƒ“ƒvƒ‹ƒrƒ‹3F,Š”Ž®‰ïŽÐ—áŽ¦ƒVƒXƒeƒ€,Œo—•”,•”’·,¬—Ñ@ãÄ,048-506-3801,user0420@example.jp,2023/04/03
000421,530-5701,‘åã•{,‘åãŽs–k‹æ,”~“c1-2-14,,ƒTƒ“ƒvƒ‹•¨ŽYŠ”Ž®‰ïŽÐ,Œo—•”,•”’·,’†‘º@’¼Ž÷,06-6125-4299,,2024/10/10
000422,100-5405,“Œ‹ž“s,ç‘ã“c‹æ,ŠÛ‚Ì“à1-17-15,,,,,‰Á“¡@Œ’,03-5107-4552,,2022/03/01
000423,600-7816,‹ž“s•{,‹ž“sŽs‰º‹ž‹æ,“Œ‰–¬˜H’¬5-2-11,,,,,ŽRŒû@Œb,090-8610-2871,user0423@example.jp,2024/11/15
000424,100-7205,“Œ‹ž“s,ç‘ã“c‹æ,ŠÛ‚Ì“à1-7-13,ƒTƒ“ƒvƒ‹ƒrƒ‹3F,,,,“c’†@‘ñ–ç,03-5567-9743,,2023/04/27
000425,812-7411,•Ÿ‰ªŒ§,•Ÿ‰ªŽs”Ž‘½‹æ,”Ž‘½‰w‘O1-11-14,ƒTƒ“ƒvƒ‹ƒrƒ‹8F,ƒTƒ“ƒvƒ‹•¨ŽYŠ”Ž®‰ïŽÐ,Œo—•”,,’†‘º@—zŽq,092-510-1699,user0425@example.jp,2025/03/02
000426,220-3211,_“ÞìŒ§,‰¡•lŽs¼‹æ,‚“‡2-19-5,ƒeƒXƒgƒ}ƒ“ƒVƒ‡ƒ“895†Žº,—LŒÀ‰ïŽÐƒeƒXƒgH‹Æ,‰c‹Æ•”,Žå”C,—Ñ@_,045-195-1809,user0426@example.jp,2022/11/16
000427,460-3508,ˆ¤’mŒ§,–¼ŒÃ‰®Žs’†‹æ,‰h4-12-12,ƒTƒ“ƒvƒ‹ƒrƒ‹11F,Š”Ž®‰ïŽÐ—áŽ¦ƒVƒXƒeƒ€,‘–±•”,,ŽRŒû@Œb,090-4599-6180,user0427@example.jp,2025/09/25
000428,060-7101,–kŠC“¹,ŽD–yŽs’†‰›‹æ,–kˆêð¼1-3-2,ƒeƒXƒgƒ}ƒ“ƒVƒ‡ƒ“863†Žº,,,,‚‹´@—zŽq,011-875-9052,user0428@example.jp,2025/07/12
000429,730-0811,L“‡Œ§,L“‡Žs’†‹æ,Šî’¬2-14-3,,,,,ˆÉ“¡@‘ñ–ç,090-9013-8914,user0429@example.jp,2022/05/06
000430,150-3301,“Œ‹ž“s,a’J‹æ,_‹{‘O1-4-1,ƒeƒXƒgƒ}ƒ“ƒVƒ‡ƒ“137†Žº,Š”Ž®‰ïŽÐƒTƒ“ƒvƒ‹¤Ž–,Œo—•”,Žå”C,—Ñ@—²,090-6674-2420,user0430@example.jp,2025/06/21
000431,600-0516,‹ž“s•{,‹ž“sŽs‰º‹ž‹æ,“Œ‰–¬˜H’¬4-13-10,ƒTƒ“ƒvƒ‹ƒrƒ‹8F,‡“¯‰ïŽÐƒ_ƒ~[,Œo—•”,Žå”C,‰Á“¡@‘å•ã,075-950-4039,,2022/08/28
000432,260-3213,ç—tŒ§,ç—tŽs’†‰›‹æ,’†‰›3-17-1,,—LŒÀ‰ïŽÐƒeƒXƒgH‹Æ,‰c‹Æ•”,‰Û’·,ˆÉ“¡@’¼Ž÷,090-9628-3945,,2022/10/03
000433,330-3463,é‹ÊŒ§,‚³‚¢‚½‚ÜŽs‰Y˜a‹æ,‚»1-4-9,ƒeƒXƒgƒ}ƒ“ƒVƒ‡ƒ“322†Žº,Š”Ž®‰ïŽÐƒTƒ“ƒvƒ‹¤Ž–,Œo—•”,,¬—Ñ@—²,048-572-9696,,2022/05/07
000434,812-5011,•Ÿ‰ªŒ§,•Ÿ‰ªŽs”Ž‘½‹æ,”Ž‘½‰w‘O3-7-14,,,,,¬—Ñ@—R”ü,092-616-4786,,2024/09/26
000435,260-1013,ç—tŒ§,ç—tŽs’†‰›‹æ,’†‰›4-15-8,,ƒTƒ“ƒvƒ‹•¨ŽYŠ”Ž®‰ïŽÐ,Œo—•”,•”’·,–Ø‘º@‘ñ–ç,090-6132-9921,,2023/07/20
000436,150-0101,“Œ‹ž“s,a’J‹æ,_‹{‘O3-9-2,,ƒTƒ“ƒvƒ‹•¨ŽYŠ”Ž®‰ïŽÐ,Œo—•”,•”’·,“c’†@’¼Ž÷,090-9936-4086,,2025/04/24
000437,900-4215,‰«“êŒ§,“ß”eŽs,‹v–Î’n5-18-12,,,,,¼–{@—TŽq,090-2170-4419,user0437@example.jp,2024/01/19
000438,812-4011,•Ÿ‰ªŒ§,•Ÿ‰ªŽs”Ž‘½‹æ,”Ž‘½‰w‘O5-16-15,,Š”Ž®‰ïŽÐ—áŽ¦ƒVƒXƒeƒ€,Œo—•”,•”’·,²X–Ø@‘ñ–ç,092-867-4822,user0438@example.jp,2023/04/15
000439,330-5863,é‹ÊŒ§,‚³‚¢‚½‚ÜŽs‰Y˜a‹æ,‚»2-16-6,,,,,ˆäã@—²,090-1093-8961,user0439@example.jp,2023/10/19
000440,260-5813,ç—tŒ§,ç—tŽs’†‰›‹æ,’†‰›2-20-2,,,,,ŽR–{@—zŽq,090-5727-2760,,2022/09/25
000441,812-6511,•Ÿ‰ªŒ§,•Ÿ‰ªŽs”Ž‘½‹æ,”Ž‘½‰w‘O2-5-8,,ƒTƒ“ƒvƒ‹•¨ŽYŠ”Ž®‰ïŽÐ,‰c‹Æ•”,‰Û’·,‹g“c@Œb,090-3747-6077,user0441@example.jp,2024/05/07
000442,100-4405,“Œ‹ž“s,ç‘ã“c‹æ,ŠÛ‚Ì“à5-13-2,ƒeƒXƒgƒ}ƒ“ƒVƒ‡ƒ“193†Žº,ƒTƒ“ƒvƒ‹•¨ŽYŠ”Ž®‰ïŽÐ,‰c‹Æ•”,‰Û’·,ˆÉ“¡@ãÄ,090-3706-9630,,2022/09/10
000443,220-1911,_“ÞìŒ§,‰¡•lŽs¼‹æ,‚“‡2-6-1,,,,,²“¡@—zŽq,045-755-5743,user0443@example.jp,2023/10/18
000444,600-6816,‹ž“s•{,‹ž“sŽs‰º‹ž‹æ,“Œ‰–¬˜H’¬4-17-11,ƒeƒXƒgƒ}ƒ“ƒVƒ‡ƒ“672†Žº,—LŒÀ‰ïŽÐƒeƒXƒgH‹Æ,‰c‹Æ•”,‰Û’·,“n•Ó@ˆê˜Y,075-703-3873,user0444@example.jp,2022/09/11
000445,330-1163,é‹ÊŒ§,‚³‚¢‚½‚ÜŽs‰Y˜a‹æ,‚»5-20-9,,,,,ŽR“c@ˆ¤,090-4614-5199,,2024/08/24
000446,530-4701,‘åã•{,‘åãŽs–k‹æ,”~“c2-8-6,,,,,ŽR“c@‘¾˜Y,06-1824-7988,user0446@example.jp,2022/09/20
000447,220-5711,_“ÞìŒ§,‰¡•lŽs¼‹æ,‚“‡5-16-1,,Š”Ž®‰ïŽÐƒTƒ“ƒvƒ‹¤Ž–,‰c‹Æ•”,Žå”C,²“¡@’¼Ž÷,045-818-4566,user0447@example.jp,2023/04/06
000448,220-4311,_“ÞìŒ§,‰¡•lŽs¼‹æ,‚“‡5-16-2,ƒTƒ“ƒvƒ‹ƒrƒ‹4F,Š”Ž®‰ïŽÐ—áŽ¦ƒVƒXƒeƒ€,‘–±•”,Žå”C,ˆÉ“¡@—TŽq,045-117-2195,user0448@example.jp,2022/02/13
000449,812-0111,•Ÿ‰ªŒ§,•Ÿ‰ªŽs”Ž‘½‹æ,”Ž‘½‰w‘O2-1-6,,—LŒÀ‰ïŽÐƒeƒXƒgH‹Æ,‘–±•”,•”’·,¬—Ñ@ˆ¤,092-984-4410,user0449@example.jp,2022/11/12
000450,150-4501,“Œ‹ž“s,a’J‹æ,_‹{‘O5-3-7,ƒTƒ“ƒvƒ‹ƒrƒ‹12F,,,,¬—Ñ@Œ’,03-4412-6897,,2022/10/27
000451,150-8201,“Œ‹ž“s,a’J‹æ,_‹{‘O5-10-10,,Š”Ž®‰ïŽÐ—áŽ¦ƒVƒXƒeƒ€,‘–±•”,Žå”C,´…@Œ’,03-4346-5951,user0451@example.jp,2024/05/27
000452,980-8311,‹{éŒ§,å‘äŽsÂ—t‹æ,ˆê”Ô’¬4-20-6,,,,,ŽR“c@—R”ü,022-878-1371,,2024/04/27
000453,160-5522,“Œ‹ž“s,Vh‹æ,Vh4-6-6,,Š”Ž®‰ïŽÐƒTƒ“ƒvƒ‹¤Ž–,Œo—•”,Žå”C,¼–{@—R”ü,03-3186-5946,user0453@example.jp,2022/09/09
000454,460-0208,ˆ¤’mŒ§,–¼ŒÃ‰®Žs’†‹æ,‰h1-4-11,ƒTƒ“ƒvƒ‹ƒrƒ‹9F,Š”Ž®‰ïŽÐ—áŽ¦ƒVƒXƒeƒ€,Œo—•”,•”’·,´…@‰ÔŽq,052-295-7055,,2025/08/03
000455,650-4021,•ºŒÉŒ§,_ŒËŽs’†‰›‹æ,ŽO‹{’¬1-3-2,ƒTƒ“ƒvƒ‹ƒrƒ‹6F,‡“¯‰ïŽÐƒ_ƒ~[,Œo—•”,‰Û’·,‚‹´@—zŽq,090-7357-2421,user0455@example.jp,2022/12/22
000456,330-9063,é‹ÊŒ§,‚³‚¢‚½‚ÜŽs‰Y˜a‹æ,‚»1-5-5,,‡“¯‰ïŽÐƒ_ƒ~[,‰c‹Æ•”,‰Û’·,—Ñ@_,048-697-4871,user0456@example.jp,2025/07/27
000457,220-2311,_“ÞìŒ§,‰¡•lŽs¼‹æ,‚“‡4-3-5,,—LŒÀ‰ïŽÐƒeƒXƒgH‹Æ,Œo—•”,‰Û’·,ŽRŒû@Ê,045-813-3952,user0457@example.jp,2024/09/07
000458,600-2816,‹ž“s•{,‹ž“sŽs‰º‹ž‹æ,“Œ‰–¬˜H’¬1-8-8,ƒeƒXƒgƒ}ƒ“ƒVƒ‡ƒ“795†Žº,,,,–Ø‘º@_,075-615-4499,user0458@example.jp,2022/12/12
000459,150-3101,“Œ‹ž“s,a’J‹æ,_‹{‘O3-5-9,ƒeƒXƒgƒ}ƒ“ƒVƒ‡ƒ“291†Žº,Š”Ž®‰ïŽÐ—áŽ¦ƒVƒXƒeƒ€,Œo—•”,‰Û’·,“c’†@‘å•ã,03-3645-9319,,2024/07/22
000460,330-6463,é‹ÊŒ§,‚³‚¢‚½‚ÜŽs‰Y˜a‹æ,‚»1-20-2,,ƒTƒ“ƒvƒ‹•¨ŽYŠ”Ž®‰ïŽÐ,‘–±•”,,‚‹´@_,048-616-8872,user0460@example.jp,2024/06/11
000461,600-8816,‹ž“s•{,‹ž“sŽs‰º‹ž‹æ,“Œ‰–¬˜H’¬3-4-14,ƒTƒ“ƒvƒ‹ƒrƒ‹7F,Š”Ž®‰ïŽÐ—áŽ¦ƒVƒXƒeƒ€,‘–±•”,•”’·,ŽR“c@^—R”ü,075-769-3117,,2025/05/25
000462,530-2201,‘åã•{,‘åãŽs–k‹æ,”~“c2-19-13,,—LŒÀ‰ïŽÐƒeƒXƒgH‹Æ,‘–±•”,,—é–Ø@Œ’,090-7633-9995,user0462@example.jp,2023/03/12
000463,900-1115,‰«“êŒ§,“ß”eŽs,‹v–Î’n5-6-15,ƒeƒXƒgƒ}ƒ“ƒVƒ‡ƒ“452†Žº,—LŒÀ‰ïŽÐƒeƒXƒgH‹Æ,‘–±•”,•”’·,—Ñ@‘ñ–ç,098-469-4686,user0463@example.jp,2022/10/08
000464,150-4201,“Œ‹ž“s,a’J‹æ,_‹{‘O3-16-15,ƒTƒ“ƒvƒ‹ƒrƒ‹9F,Š”Ž®‰ïŽÐ—áŽ¦ƒVƒXƒeƒ€,‰c‹Æ•”,•”’·,²X–Ø@½,03-6586-7263,user0464@example.jp,2022/10/13
000465,160-8222,“Œ‹ž“s,Vh‹æ,Vh1-19-2,ƒTƒ“ƒvƒ‹ƒrƒ‹2F,—LŒÀ‰ïŽÐƒeƒXƒgH‹Æ,Œo—•”,•”’·,“n•Ó@—DŽq,03-8937-8412,user0465@example.jp,2023/01/01
000466,100-1705,“Œ‹ž“s,ç‘ã“c‹æ,ŠÛ‚Ì“à3-16-11,ƒeƒXƒgƒ}ƒ“ƒVƒ‡ƒ“730†Žº,,,,ˆÉ“¡@Ê,03-8588-3858,,2023/09/01
000467,260-9513,ç—tŒ§,ç—tŽs’†‰›‹æ,’†‰›2-19-12,,,,,¬—Ñ@ãÄ,043-428-3835,user0467@example.jp,2023/09/25
000468,260-4113,ç—tŒ§,ç—tŽs’†‰›‹æ,’†‰›1-5-1,ƒTƒ“ƒvƒ‹ƒrƒ‹7F,,,,¬—Ñ@”üç,090-8426-2861,user0468@example.jp,2025/04/23
000469,160-0322,“Œ‹ž“s,Vh‹æ,Vh5-6-5,ƒTƒ“ƒvƒ‹ƒrƒ‹10F,Š”Ž®‰ïŽÐƒTƒ“ƒvƒ‹¤Ž–,‰c‹Æ•”,•”’·,‚‹´@‰ÔŽq,090-9553-1172,user0469@example.jp,2023/12/16
000470,650-3221,•ºŒÉŒ§,_ŒËŽs’†‰›‹æ,ŽO‹{’¬4-18-4,ƒeƒXƒgƒ}ƒ“ƒVƒ‡ƒ“793†Žº,Š”Ž®‰ïŽÐ—áŽ¦ƒVƒXƒeƒ€,Œo—•”,Žå”C,²“¡@‘¾˜Y,090-6862-3691,,2022/04/27
000471,060-6101,–kŠC“¹,ŽD–yŽs’†‰›‹æ,–kˆêð¼3-11-5,,,,,—é–Ø@Œb,011-458-9148,user0471@example.jp,2025/09/26
000472,900-8815,‰«“êŒ§,“ß”eŽs,‹v–Î’n5-7-1,,,,,ŽR“c@‘ñ–ç,098-201-4541,user0472@example.jp,2023/04/11
000473,812-2211,•Ÿ‰ªŒ§,•Ÿ‰ªŽs”Ž‘½‹æ,”Ž‘½‰w‘O5-5-4,,—LŒÀ‰ïŽÐƒeƒXƒgH‹Æ,Œo—•”,•”’·,´…@ˆê˜Y,092-856-5607,,2022/11/14
000474,980-5411,‹{éŒ§,å‘äŽsÂ—t‹æ,ˆê”Ô’¬4-5-10,ƒTƒ“ƒvƒ‹ƒrƒ‹2F,—LŒÀ‰ïŽÐƒeƒXƒgH‹Æ,Œo—•”,,‹g“c@”üç,090-9963-3318,user0474@example.jp,2025/02/22
000475,100-9405,“Œ‹ž“s,ç‘ã“c‹æ,ŠÛ‚Ì“à2-7-3,,Š”Ž®‰ïŽÐ—áŽ¦ƒVƒXƒeƒ€,‰c‹Æ•”,•”’·,ˆäã@ˆê˜Y,090-3205-3298,,2024/11/09
000476,600-0916,‹ž“s•{,‹ž“sŽs‰º‹ž‹æ,“Œ‰–¬˜H’¬3-15-3,ƒeƒXƒgƒ}ƒ“ƒVƒ‡ƒ“247†Žº,‡“¯‰ïŽÐƒ_ƒ~[,Œo—•”,•”’·,¼–{@—zŽq,075-116-5170,user0476@example.jp,2022/04/20
000477,060-4701,–kŠC“¹,ŽD–yŽs’†‰›‹æ,–kˆêð¼2-16-1,,Š”Ž®‰ïŽÐ—áŽ¦ƒVƒXƒeƒ€,‘–±•”,Žå”C,Ö“¡@”üç,090-2156-9204,,2024/02/23
000478,100-9005,“Œ‹ž“s,ç‘ã“c‹æ,ŠÛ‚Ì“à2-13-9,,Š”Ž®‰ïŽÐ—áŽ¦ƒVƒXƒeƒ€,Œo—•”,•”’·,‹g“c@—²,03-3308-5246,user0478@example.jp,2022/06/18
000479,650-3021,•ºŒÉŒ§,_ŒËŽs’†‰›‹æ,ŽO‹{’¬2-9-15,,ƒTƒ“ƒvƒ‹•¨ŽYŠ”Ž®‰ïŽÐ,Œo—•”,•”’·,ˆÉ“¡@^—R”ü,078-876-3431,,2025/04/24
000480,460-8308,ˆ¤’mŒ§,–¼ŒÃ‰®Žs’†‹æ,‰h1-10-4,,Š”Ž®‰ïŽÐ—áŽ¦ƒVƒXƒeƒ€,Œo—•”,‰Û’·,‚‹´@”üç,090-1989-7595,user0480@example.jp,2024/02/01
000481,260-8113,ç—tŒ§,ç—tŽs’†‰›‹æ,’†‰›1-1-13,ƒTƒ“ƒvƒ‹ƒrƒ‹3F,‡“¯‰ïŽÐƒ_ƒ~[,Œo—•”,•”’·,–Ø‘º@’¼Ž÷,043-288-3909,,2025/09/15
000482,600-6016,‹ž“s•{,‹ž“sŽs‰º‹ž‹æ,“Œ‰–¬˜H’¬4-1-15,,Š”Ž®‰ïŽÐƒTƒ“ƒvƒ‹¤Ž–,‘–±•”,‰Û’·,—Ñ@‘ñ–ç,090-2772-6194,user0482@example.jp,2024/01/28
000483,160-0122,“Œ‹ž“s,Vh‹æ,Vh5-17-1,ƒTƒ“ƒvƒ‹ƒrƒ‹9F,‡“¯‰ïŽÐƒ_ƒ~[,Œo—•”,‰Û’·,ˆÉ“¡@Ê,090-8993-1130,user0483@example.jp,2025/07/08
000484,060-3701,–kŠC“¹,ŽD–yŽs’†‰›‹æ,–kˆêð¼1-13-11,,Š”Ž®‰ïŽÐ—áŽ¦ƒVƒXƒeƒ€,Œo—•”,•”’·,“c’†@ãÄ,011-989-1638,user0484@example.jp,2022/05/19
000485,260-9313,ç—tŒ§,ç—tŽs’†‰›‹æ,’†‰›2-14-5,,Š”Ž®‰ïŽÐƒTƒ“ƒvƒ‹¤Ž–,Œo—•”,‰Û’·,–Ø‘º@’¼Ž÷,043-274-7625,user0485@example.jp,2024/05/06
000486,220-8611,_“ÞìŒ§,‰¡•lŽs¼‹æ,‚“‡1-16-7,,—LŒÀ‰ïŽÐƒeƒXƒgH‹Æ,Œo—•”,,²X–Ø@‘å•ã,045-278-1948,,2025/06/16
000487,980-2711,‹{éŒ§,å‘äŽsÂ—t‹æ,ˆê”Ô’¬1-9-12,ƒTƒ“ƒvƒ‹ƒrƒ‹2F,Š”Ž®‰ïŽÐƒTƒ“ƒvƒ‹¤Ž–,Œo—•”,‰Û’·,ŽR“c@—²,022-630-3347,user0487@example.jp,2024/05/25
000488,460-0408,ˆ¤’mŒ§,–¼ŒÃ‰®Žs’†‹æ,‰h1-2-2,ƒTƒ“ƒvƒ‹ƒrƒ‹8F,Š”Ž®‰ïŽÐƒTƒ“ƒvƒ‹¤Ž–,‰c‹Æ•”,Žå”C,‚‹´@‘ñ–ç,090-6857-4768,user0488@example.jp,2024/01/20
000489,460-1708,ˆ¤’mŒ§,–¼ŒÃ‰®Žs’†‹æ,‰h1-19-3,,Š”Ž®‰ïŽÐ—áŽ¦ƒVƒXƒeƒ€,‰c‹Æ•”,,ŽR“c@‘å•ã,052-821-3792,user0489@example.jp,2025/01/24
000490,160-1922,“Œ‹ž“s,Vh‹æ,Vh4-9-8,,Š”Ž®‰ïŽÐƒTƒ“ƒvƒ‹¤Ž–,‰c‹Æ•”,Žå”C,–Ø‘º@_,03-6417-7076,user0490@example.jp,2023/03/03
000491,100-1805,“Œ‹ž“s,ç‘ã“c‹æ,ŠÛ‚Ì“à4-10-14,,‡“¯‰ïŽÐƒ_ƒ~[,‰c‹Æ•”,‰Û’·,—é–Ø@’¼Ž÷,03-8895-7630,user0491@example.jp,2025/11/06
000492,150-0301,“Œ‹ž“s,a’J‹æ,_‹{‘O5-9-12,,—LŒÀ‰ïŽÐƒeƒXƒgH‹Æ,‰c‹Æ•”,,‚‹´@”üç,03-2321-9798,user0492@example.jp,2025/08/17
000493,980-8411,‹{éŒ§,å‘äŽsÂ—t‹æ,ˆê”Ô’¬2-12-2,,ƒTƒ“ƒvƒ‹•¨ŽYŠ”Ž®‰ïŽÐ,Œo—•”,‰Û’·,²X–Ø@‘å•ã,022-316-8446,user0493@example.jp,2023/10/13
000494,150-1401,“Œ‹ž“s,a’J‹æ,_‹{‘O2-18-7,,,,,—é–Ø@”üç,03-8604-7415,user0494@example.jp,2023/02/15
000495,160-2922,“Œ‹ž“s,Vh‹æ,Vh5-16-11,ƒTƒ“ƒvƒ‹ƒrƒ‹8F,‡“¯‰ïŽÐƒ_ƒ~[,‘–±•”,‰Û’·,ŽR–{@^—R”ü,090-2651-3314,user0495@example.jp,2024/08/05
000496,150-2801,“Œ‹ž“s,a’J‹æ,_‹{‘O5-20-11,,—LŒÀ‰ïŽÐƒeƒXƒgH‹Æ,‰c‹Æ•”,,—Ñ@Œb,03-5966-9871,user0496@example.jp,2024/07/19
000497,460-5308,ˆ¤’mŒ§,–¼ŒÃ‰®Žs’†‹æ,‰h3-9-6,ƒeƒXƒgƒ}ƒ“ƒVƒ‡ƒ“763†Žº,,,,¬—Ñ@½,052-892-8912,user0497@example.jp,2022/12/21
000498,160-1522,“Œ‹ž“s,Vh‹æ,Vh3-12-1,,—LŒÀ‰ïŽÐƒeƒXƒgH‹Æ,‰c‹Æ•”,Žå”C,ŽRŒû@—R”ü,03-2766-9712,user0498@example.jp,2022/08/24
000499,160-1622,“Œ‹ž“s,Vh‹æ,Vh4-5-5,,ƒTƒ“ƒvƒ‹•¨ŽYŠ”Ž®‰ïŽÐ,Œo—•”,Žå”C,“c’†@—DŽq,090-9456-7587,user0499@example.jp,2024/06/12
000500,650-9521,•ºŒÉŒ§,_ŒËŽs’†‰›‹æ,ŽO‹{’¬3-8-12,,,,,´…@‘å•ã,078-142-3520,,2025/09/05
000501,530-0201,‘åã•{,‘åãŽs–k‹æ,”~“c4-14-7,,Š”Ž®‰ïŽÐ—áŽ¦ƒVƒXƒeƒ€,‘–±•”,,ˆÉ“¡@—TŽq,090-3769-7350,user0501@example.jp,2022/12/13
000502,730-9511,L“‡Œ§,L“‡Žs’†‹æ,Šî’¬5-17-13,ƒeƒXƒgƒ}ƒ“ƒVƒ‡ƒ“852†Žº,Š”Ž®‰ïŽÐ—áŽ¦ƒVƒXƒeƒ€,Œo—•”,‰Û’·,¼–{@^—R”ü,082-299-8725,,2025/06/23
000503,060-3101,–kŠC“¹,ŽD–yŽs’†‰›‹æ,–kˆêð¼3-2-10,ƒeƒXƒgƒ}ƒ“ƒVƒ‡ƒ“544†Žº,Š”Ž®‰ïŽÐƒTƒ“ƒvƒ‹¤Ž–,‘–±•”,,´…@—R”ü,011-836-3532,user0503@example.jp,2022/11/03
000504,900-3415,‰«“êŒ§,“ß”eŽs,‹v–Î’n2-1-3,ƒTƒ“ƒvƒ‹ƒrƒ‹10F,‡“¯‰ïŽÐƒ_ƒ~[,‰c‹Æ•”,‰Û’·,ˆÉ“¡@—R”ü,090-1048-1785,user0504@example.jp,2025/08/16
000505,980-0111,‹{éŒ§,å‘äŽsÂ—t‹æ,ˆê”Ô’¬2-18-7,ƒeƒXƒgƒ}ƒ“ƒVƒ‡ƒ“415†Žº,—LŒÀ‰ïŽÐƒeƒXƒgH‹Æ,Œo—•”,Žå”C,Ö“¡@—²,090-3332-1802,user0505@example.jp,2023/09/03
000506,100-3405,“Œ‹ž“s,ç‘ã“c‹æ,ŠÛ‚Ì“à3-19-6,,,,,“c’†@’¼Ž÷,03-8448-9498,user0506@example.jp,2023/11/05
000507,100-0905,“Œ‹ž“s,ç‘ã“c‹æ,ŠÛ‚Ì“à1-10-5,ƒTƒ“ƒvƒ‹ƒrƒ‹4F,,,,ŽR–{@‘å•ã,03-3655-5252,user0507@example.jp,2025/05/13
000508,460-8908,ˆ¤’mŒ§,–¼ŒÃ‰®Žs’†‹æ,‰h4-9-1,ƒeƒXƒgƒ}ƒ“ƒVƒ‡ƒ“809†Žº,Š”Ž®‰ïŽÐƒTƒ“ƒvƒ‹¤Ž–,‰c‹Æ•”,‰Û’·,’†‘º@’¼Ž÷,090-1366-8688,,2022/10/14
000509,150-3301,“Œ‹ž“s,a’J‹æ,_‹{‘O2-9-3,,—LŒÀ‰ïŽÐƒeƒXƒgH‹Æ,‘–±•”,,’†‘º@—DŽq,03-9870-9801,,2023/03/22
000510,600-8216,‹ž“s•{,‹ž“sŽs‰º‹ž‹æ,“Œ‰–¬˜H’¬2-11-7,,—LŒÀ‰ïŽÐƒeƒXƒgH‹Æ,‘–±•”,•”’·,ŽR–{@ˆ¤,075-301-9421,user0510@example.jp,2024/03/12
000511,150-0401,“Œ‹ž“s,a’J‹æ,_‹{‘O3-16-8,ƒeƒXƒgƒ}ƒ“ƒVƒ‡ƒ“405†Žº,,,,‹g“c@—DŽq,03-9408-6833,user0511@example.jp,2022/09/20
000512,100-3105,“Œ‹ž“s,ç‘ã“c‹æ,ŠÛ‚Ì“à5-15-6,ƒTƒ“ƒvƒ‹ƒrƒ‹10F,‡“¯‰ïŽÐƒ_ƒ~[,‰c‹Æ•”,‰Û’·,–Ø‘º@—zŽq,090-2073-2755,user0512@example.jp,2025/08/02
000513,900-3715,‰«“êŒ§,“ß”eŽs,‹v–Î’n4-6-2,,Š”Ž®‰ïŽÐƒTƒ“ƒvƒ‹¤Ž–,Œo—•”,•”’·,ˆÉ“¡@ˆ¤,098-705-9511,user0513@example.jp,2023/10/05
000514,900-3015,‰«“êŒ§,“ß”eŽs,‹v–Î’n3-20-3,,Š”Ž®‰ïŽÐƒTƒ“ƒvƒ‹¤Ž–,‘–±•”,•”’·,—é–Ø@”üç,098-619-5761,,2023/12/05
000515,060-6901,–kŠC“¹,ŽD–yŽs’†‰›‹æ,–kˆêð¼2-9-2,,Š”Ž®‰ïŽÐ—áŽ¦ƒVƒXƒeƒ€,‘–±•”,,Ö“¡@‰ÔŽq,011-541-1235,user0515@example.jp,2024/11/23
000516,100-0205,“Œ‹ž“s,ç‘ã“c‹æ,ŠÛ‚Ì“à2-20-12,,‡“¯‰ïŽÐƒ_ƒ~[,Œo—•”,,²“¡@—TŽq,03-6117-6604,user0516@example.jp,2023/01/06
000517,150-7401,“Œ‹ž“s,a’J‹æ,_‹{‘O1-7-4,,,,,¼–{@ãÄ,03-4999-4885,user0517@example.jp,2023/04/10
000518,730-3111,L“‡Œ§,L“‡Žs’†‹æ,Šî’¬5-15-3,,—LŒÀ‰ïŽÐƒeƒXƒgH‹Æ,‘–±•”,,Ö“¡@_,090-1863-3066,user0518@example.jp,2023/03/09
000519,330-7363,é‹ÊŒ§,‚³‚¢‚½‚ÜŽs‰Y˜a‹æ,‚»1-14-7,ƒTƒ“ƒvƒ‹ƒrƒ‹7F,,,,“c’†@½,048-477-9259,user0519@example.jp,2025/02/04
000520,980-9511,‹{éŒ§,å‘äŽsÂ—t‹æ,ˆê”Ô’¬1-15-4,,‡“¯‰ïŽÐƒ_ƒ~[,Œo—•”,•”’·,—Ñ@—R”ü,090-8848-6459,,2022/07/28
000521,530-2201,‘åã•{,‘åãŽs–k‹æ,”~“c3-13-2,ƒeƒXƒgƒ}ƒ“ƒVƒ‡ƒ“498†Žº,‡“¯‰ïŽÐƒ_ƒ~[,‰c‹Æ•”,Žå”C,Ö“¡@ˆê˜Y,06-1789-7288,,2023/07/26
000522,600-0516,‹ž“s•{,‹ž“sŽs‰º‹ž‹æ,“Œ‰–¬˜H’¬1-2-3,,Š”Ž®‰ïŽÐ—áŽ¦ƒVƒXƒeƒ€,‰c‹Æ•”,,¼–{@Ê,090-3555-8342,user0522@example.jp,2025/12/24
000523,160-4322,“Œ‹ž“s,Vh‹æ,Vh3-10-10,,ƒTƒ“ƒvƒ‹•¨ŽYŠ”Ž®‰ïŽÐ,Œo—•”,‰Û’·,“c’†@^—R”ü,03-7849-7547,user0523@example.jp,2022/10/19
000524,160-3622,“Œ‹ž“s,Vh‹æ,Vh3-15-12,ƒTƒ“ƒvƒ‹ƒrƒ‹2F,‡“¯‰ïŽÐƒ_ƒ~[,Œo—•”,•”’·,ŽR“c@’¼Ž÷,03-7323-7961,user0524@example.jp,2023/12/09
000525,060-8101,–kŠC“¹,ŽD–yŽs’†‰›‹æ,–kˆêð¼2-13-13,ƒTƒ“ƒvƒ‹ƒrƒ‹2F,,,,¼–{@ˆê˜Y,011-317-5441,user0525@example.jp,2025/03/27
000526,220-5311,_“ÞìŒ§,‰¡•lŽs¼‹æ,‚“‡3-16-11,,,,,‚‹´@—TŽq,045-416-6827,,2025/03/23
000527,330-0063,é‹ÊŒ§,‚³‚¢‚½‚ÜŽs‰Y˜a‹æ,‚»1-18-3,,,,,“n•Ó@’¼Ž÷,048-616-5546,,2022/01/10
000528,600-3716,‹ž“s•{,‹ž“sŽs‰º‹ž‹æ,“Œ‰–¬˜H’¬2-15-10,,Š”Ž®‰ïŽÐƒTƒ“ƒvƒ‹¤Ž–,Œo—•”,Žå”C,²“¡@—zŽq,090-9583-9245,user0528@example.jp,2025/06/16
000529,650-0321,•ºŒÉŒ§,_ŒËŽs’†‰›‹æ,ŽO‹{’¬2-16-6,,,,,ˆäã@‰ÔŽq,090-7788-1005,user0529@example.jp,2025/04/19
000530,812-6011,•Ÿ‰ªŒ§,•Ÿ‰ªŽs”Ž‘½‹æ,”Ž‘½‰w‘O5-4-14,ƒeƒXƒgƒ}ƒ“ƒVƒ‡ƒ“311†Žº,—LŒÀ‰ïŽÐƒeƒXƒgH‹Æ,‘–±•”,Žå”C,¬—Ñ@—DŽq,092-608-7009,user0530@example.jp,2022/04/24
000531,160-5322,“Œ‹ž“s,Vh‹æ,Vh4-11-3,ƒeƒXƒgƒ}ƒ“ƒVƒ‡ƒ“534†Žº,Š”Ž®‰ïŽÐ—áŽ¦ƒVƒXƒeƒ€,Œo—•”,‰Û’·,²X–Ø@”üç,090-8441-3212,user0531@example.jp,2023/06/20
000532,980-4111,‹{éŒ§,å‘äŽsÂ—t‹æ,ˆê”Ô’¬4-7-10,,,,,ˆÉ“¡@‘ñ–ç,090-8891-9363,,2024/02/10
000533,530-7001,‘åã•{,‘åãŽs–k‹æ,”~“c3-14-6,,Š”Ž®‰ïŽÐ—áŽ¦ƒVƒXƒeƒ€,Œo—•”,•”’·,“c’†@^—R”ü,090-8234-5193,,2025/09/09
000534,730-8011,L“‡Œ§,L“‡Žs’†‹æ,Šî’¬4-16-11,,Š”Ž®‰ïŽÐ—áŽ¦ƒVƒXƒeƒ€,‰c‹Æ•”,Žå”C,¬—Ñ@—R”ü,090-5912-4603,,2025/03/11
000535,100-6105,“Œ‹ž“s,ç‘ã“c‹æ,ŠÛ‚Ì“à1-7-2,,,,,¬—Ñ@ãÄ,03-6140-1791,user0535@example.jp,2024/08/18
000536,260-2913,ç—tŒ§,ç—tŽs’†‰›‹æ,’†‰›5-20-5,,Š”Ž®‰ïŽÐ—áŽ¦ƒVƒXƒeƒ€,Œo—•”,‰Û’·,´…@‘ñ–ç,090-9787-6219,user0536@example.jp,2022/04/08
000537,460-7908,ˆ¤’mŒ§,–¼ŒÃ‰®Žs’†‹æ,‰h4-9-11,,—LŒÀ‰ïŽÐƒeƒXƒgH‹Æ,‰c‹Æ•”,Žå”C,¼–{@’¼Ž÷,090-1966-4633,user0537@example.jp,2022/12/20
000538,330-2663,é‹ÊŒ§,‚³‚¢‚½‚ÜŽs‰Y˜a‹æ,‚»2-16-5,ƒeƒXƒgƒ}ƒ“ƒVƒ‡ƒ“489†Žº,ƒTƒ“ƒvƒ‹•¨ŽYŠ”Ž®‰ïŽÐ,‘–±•”,‰Û’·,—é–Ø@—zŽq,048-335-8135,user0538@example.jp,2022/03/06
000539,220-7711,_“ÞìŒ§,‰¡•lŽs¼‹æ,‚“‡4-20-2,,Š”Ž®‰ïŽÐƒTƒ“ƒvƒ‹¤Ž–,‘–±•”,,²“¡@—²,045-493-8827,user0539@example.jp,2024/04/02
000540,150-5801,“Œ‹ž“s,a’J‹æ,_‹{‘O4-2-8,,,,,²“¡@Œb,090-2567-1778,,2024/01/08
000541,160-1822,“Œ‹ž“s,Vh‹æ,Vh3-1-11,ƒTƒ“ƒvƒ‹ƒrƒ‹7F,,,,‚‹´@Œ’,090-3607-3474,user0541@example.jp,2022/11/08
000542,600-7216,‹ž“s•{,‹ž“sŽs‰º‹ž‹æ,“Œ‰–¬˜H’¬3-17-11,ƒeƒXƒgƒ}ƒ“ƒVƒ‡ƒ“695†Žº,Š”Ž®‰ïŽÐƒTƒ“ƒvƒ‹¤Ž–,‰c‹Æ•”,Žå”C,ŽR–{@Œb,090-9975-5061,user0542@example.jp,2023/05/27
000543,330-8463,é‹ÊŒ§,‚³‚¢‚½‚ÜŽs‰Y˜a‹æ,‚»2-17-13,ƒTƒ“ƒvƒ‹ƒrƒ‹10F,ƒTƒ“ƒvƒ‹•¨ŽYŠ”Ž®‰ïŽÐ,‰c‹Æ•”,Žå”C,Ö“¡@—DŽq,048-735-9678,user0543@example.jp,2024/06/11
000544,260-1313,ç—tŒ§,ç—tŽs’†‰›‹æ,’†‰›5-18-8,ƒeƒXƒgƒ}ƒ“ƒVƒ‡ƒ“740†Žº,,,,´…@½,090-6687-3392,user0544@example.jp,2024/12/21
000545,220-3011,_“ÞìŒ§,‰¡•lŽs¼‹æ,‚“‡4-4-1,,Š”Ž®‰ïŽÐ—áŽ¦ƒVƒXƒeƒ€,Œo—•”,•”’·,ŽR–{@”üç,045-218-2301,user0545@example.jp,2025/06/06
000546,150-2401,“Œ‹ž“s,a’J‹æ,_‹{‘O3-11-8,,,,,Ö“¡@ˆ¤,03-2263-8981,user0546@example.jp,2024/03/05
000547,812-9811,•Ÿ‰ªŒ§,•Ÿ‰ªŽs”Ž‘½‹æ,”Ž‘½‰w‘O2-12-7,,Š”Ž®‰ïŽÐ—áŽ¦ƒVƒXƒeƒ€,‘–±•”,,ˆäã@‘¾˜Y,092-578-6451,user0547@example.jp,2025/06/27
000548,060-4501,–kŠC“¹,ŽD–yŽs’†‰›‹æ,–kˆêð¼1-18-1,ƒeƒXƒgƒ}ƒ“ƒVƒ‡ƒ“256†Žº,Š”Ž®‰ïŽÐƒTƒ“ƒvƒ‹¤Ž–,‘–±•”,•”’·,Ö“¡@^—R”ü,011-396-2293,user0548@example.jp,2023/04/16
000549,160-3022,“Œ‹ž“s,Vh‹æ,Vh4-16-12,,,,,ŽRŒû@‘å•ã,03-4783-8788,user0549@example.jp,2025/02/13
000550,330-9263,é‹ÊŒ§,‚³‚¢‚½‚ÜŽs‰Y˜a‹æ,‚»3-8-2,,,,,’†‘º@Ê,048-642-9801,user0550@example.jp,2024/03/25
000551,460-2008,ˆ¤’mŒ§,–¼ŒÃ‰®Žs’†‹æ,‰h5-13-8,,Š”Ž®‰ïŽÐ—áŽ¦ƒVƒXƒeƒ€,‰c‹Æ•”,•”’·,ˆÉ“¡@^—R”ü,090-8259-9630,user0551@example.jp,2024/04/02
000552,220-6511,_“ÞìŒ§,‰¡•lŽs¼‹æ,‚“‡2-7-14,ƒeƒXƒgƒ}ƒ“ƒVƒ‡ƒ“376†Žº,,,,¼–{@ˆ¤,045-263-2033,user0552@example.jp,2025/10/13
000553,980-7911,‹{éŒ§,å‘äŽsÂ—t‹æ,ˆê”Ô’¬5-1-11,,—LŒÀ‰ïŽÐƒeƒXƒgH‹Æ,‘–±•”,‰Û’·,¼–{@½,022-177-5266,user0553@example.jp,2024/05/26
000554,600-6316,‹ž“s•{,‹ž“sŽs‰º‹ž‹æ,“Œ‰–¬˜H’¬3-5-4,,,,,ŽRŒû@Œb,075-568-5397,,2025/08/03
000555,220-5511,_“ÞìŒ§,‰¡•lŽs¼‹æ,‚“‡2-14-2,ƒTƒ“ƒvƒ‹ƒrƒ‹12F,‡“¯‰ïŽÐƒ_ƒ~[,‰c‹Æ•”,‰Û’·,—Ñ@—zŽq,045-842-8303,user0555@example.jp,2025/11/18
000556,160-1422,“Œ‹ž“s,Vh‹æ,Vh4-13-15,,,,,’†‘º@—DŽq,03-3340-2295,user0556@example.jp,2025/12/03
000557,330-9263,é‹ÊŒ§,‚³‚¢‚½‚ÜŽs‰Y˜a‹æ,‚»1-1-13,ƒeƒXƒgƒ}ƒ“ƒVƒ‡ƒ“615†Žº,—LŒÀ‰ïŽÐƒeƒXƒgH‹Æ,‘–±•”,Žå”C,ŽR–{@‘¾˜Y,090-3309-2906,,2024/06/16
000558,330-0563,é‹ÊŒ§,‚³‚¢‚½‚ÜŽs‰Y˜a‹æ,‚»2-1-11,ƒTƒ“ƒvƒ‹ƒrƒ‹9F,,,,ŽRŒû@‘å•ã,048-534-1082,user0558@example.jp,2023/06/26
000559,812-3911,•Ÿ‰ªŒ§,•Ÿ‰ªŽs”Ž‘½‹æ,”Ž‘½‰w‘O3-20-3,,Š”Ž®‰ïŽÐƒTƒ“ƒvƒ‹¤Ž–,Œo—•”,Žå”C,“n•Ó@‘å•ã,092-375-7841,user0559@example.jp,2024/10/20
000560,100-9305,“Œ‹ž“s,ç‘ã“c‹æ,ŠÛ‚Ì“à2-8-13,,,,,¼–{@Œ’,090-9083-4214,user0560@example.jp,2025/07/11
000561,600-8616,‹ž“s•{,‹ž“sŽs‰º‹ž‹æ,“Œ‰–¬˜H’¬4-15-1,,Š”Ž®‰ïŽÐ—áŽ¦ƒVƒXƒeƒ€,‰c‹Æ•”,•”’·,ŽR–{@—R”ü,090-2601-1005,user0561@example.jp,2023/03/13
000562,460-0508,ˆ¤’mŒ§,–¼ŒÃ‰®Žs’†‹æ,‰h1-18-8,,,,,–Ø‘º@ˆ¤,052-741-1056,,2022/05/21
000563,220-9211,_“ÞìŒ§,‰¡•lŽs¼‹æ,‚“‡3-16-15,ƒTƒ“ƒvƒ‹ƒrƒ‹4F,Š”Ž®‰ïŽÐƒTƒ“ƒvƒ‹¤Ž–,‰c‹Æ•”,,’†‘º@^—R”ü,045-902-5039,user0563@example.jp,2023/03/03
000564,330-6863,é‹ÊŒ§,‚³‚¢‚½‚ÜŽs‰Y˜a‹æ,‚»4-2-1,ƒeƒXƒgƒ}ƒ“ƒVƒ‡ƒ“495†Žº,,,,¼–{@Œb,048-297-1139,,2025/07/07
000565,812-3411,•Ÿ‰ªŒ§,•Ÿ‰ªŽs”Ž‘½‹æ,”Ž‘½‰w‘O5-19-5,,‡“¯‰ïŽÐƒ_ƒ~[,‘–±•”,Žå”C,¼–{@_,092-860-3457,user0565@example.jp,2024/07/02
000566,900-0015,‰«“êŒ§,“ß”eŽs,‹v–Î’n5-18-6,ƒTƒ“ƒvƒ‹ƒrƒ‹10F,,,,´…@’¼Ž÷,098-166-2126,user0566@example.jp,2024/05/19
000567,530-1801,‘åã•{,‘åãŽs–k‹æ,”~“c5-11-4,,,,,“n•Ó@^—R”ü,06-7040-2141,user0567@example.jp,2025/03/03
000568,100-5505,“Œ‹ž“s,ç‘ã“c‹æ,ŠÛ‚Ì“à3-10-8,,Š”Ž®‰ïŽÐƒTƒ“ƒvƒ‹¤Ž–,‰c‹Æ•”,‰Û’·,ˆÉ“¡@ãÄ,090-7738-2873,user0568@example.jp,2023/01/26
000569,100-5605,“Œ‹ž“s,ç‘ã“c‹æ,ŠÛ‚Ì“à2-20-10,ƒTƒ“ƒvƒ‹ƒrƒ‹5F,Š”Ž®‰ïŽÐ—áŽ¦ƒVƒXƒeƒ€,‰c‹Æ•”,,—é–Ø@ãÄ,03-7972-7300,user0569@example.jp,2022/01/21
000570,330-0263,é‹ÊŒ§,‚³‚¢‚½‚ÜŽs‰Y˜a‹æ,‚»2-12-12,ƒTƒ“ƒvƒ‹ƒrƒ‹6F,ƒTƒ“ƒvƒ‹•¨ŽYŠ”Ž®‰ïŽÐ,‰c‹Æ•”,•”’·,ŽRŒû@ˆê˜Y,048-962-1129,,2025/12/18
000571,100-5305,“Œ‹ž“s,ç‘ã“c‹æ,ŠÛ‚Ì“à5-15-8,ƒeƒXƒgƒ}ƒ“ƒVƒ‡ƒ“803†Žº,‡“¯‰ïŽÐƒ_ƒ~[,Œo—•”,,’†‘º@½,090-5722-7016,,2025/04/23
000572,460-5008,ˆ¤’mŒ§,–¼ŒÃ‰®Žs’†‹æ,‰h3-11-11,,Š”Ž®‰ïŽÐ—áŽ¦ƒVƒXƒeƒ€,Œo—•”,‰Û’·,ŽRŒû@½,090-4619-8534,user0572@example.jp,2025/09/08
000573,160-1122,“Œ‹ž“s,Vh‹æ,Vh5-20-1,ƒeƒXƒgƒ}ƒ“ƒVƒ‡ƒ“101†Žº,ƒTƒ“ƒvƒ‹•¨ŽYŠ”Ž®‰ïŽÐ,‘–±•”,•”’·,ŽR“c@‰ÔŽq,03-7972-6277,,2024/08/15
000574,600-6416,‹ž“s•{,‹ž“sŽs‰º‹ž‹æ,“Œ‰–¬˜H’¬2-10-11,,,,,Ö“¡@”üç,075-815-2114,,2022/11/09
000575,150-1001,“Œ‹ž“s,a’J‹æ,_‹{‘O2-10-11,,,,,’†‘º@Œb,03-5405-6733,,2023/03/09
000576,260-2213,ç—tŒ§,ç—tŽs’†‰›‹æ,’†‰›5-18-2,,—LŒÀ‰ïŽÐƒeƒXƒgH‹Æ,Œo—•”,•”’·,—é–Ø@—²,043-877-4550,user0576@example.jp,2022/09/12
000577,260-4413,ç—tŒ§,ç—tŽs’†‰›‹æ,’†‰›3-5-3,,‡“¯‰ïŽÐƒ_ƒ~[,Œo—•”,‰Û’·,—é–Ø@Œ’,043-361-5040,,2024/07/08
000578,060-2201,–kŠC“¹,ŽD–yŽs’†‰›‹æ,–kˆêð¼5-16-13,,Š”Ž®‰ïŽÐ—áŽ¦ƒVƒXƒeƒ€,Œo—•”,•”’·,ŽRŒû@Ê,011-281-5558,user0578@example.jp,2024/11/20
000579,980-2311,‹{éŒ§,å‘äŽsÂ—t‹æ,ˆê”Ô’¬4-11-14,ƒTƒ“ƒvƒ‹ƒrƒ‹5F,—LŒÀ‰ïŽÐƒeƒXƒgH‹Æ,Œo—•”,‰Û’·,—Ñ@^—R”ü,022-284-9948,user0579@example.jp,2024/07/28
000580,220-6911,_“ÞìŒ§,‰¡•lŽs¼‹æ,‚“‡3-11-9,,—LŒÀ‰ïŽÐƒeƒXƒgH‹Æ,‰c‹Æ•”,•”’·,‰Á“¡@‘å•ã,045-617-5659,user0580@example.jp,2025/07/02
000581,530-7601,‘åã•{,‘åãŽs–k‹æ,”~“c2-2-4,ƒeƒXƒgƒ}ƒ“ƒVƒ‡ƒ“251†Žº,‡“¯‰ïŽÐƒ_ƒ~[,Œo—•”,Žå”C,ŽR“c@‘ñ–ç,06-9449-4827,,2025/07/08
000582,650-5721,•ºŒÉŒ§,_ŒËŽs’†‰›‹æ,ŽO‹{’¬4-3-7,ƒeƒXƒgƒ}ƒ“ƒVƒ‡ƒ“335†Žº,Š”Ž®‰ïŽÐ—áŽ¦ƒVƒXƒeƒ€,‘–±•”,Žå”C,Ö“¡@‘å•ã,078-404-9244,,2025/03/20
000583,980-7111,‹{éŒ§,å‘äŽsÂ—t‹æ,ˆê”Ô’¬3-5-15,,,,,Ö“¡@—TŽq,022-868-5909,user0583@example.jp,2023/05/14
000584,260-7413,ç—tŒ§,ç—tŽs’†‰›‹æ,’†‰›1-4-5,ƒTƒ“ƒvƒ‹ƒrƒ‹10F,‡“¯‰ïŽÐƒ_ƒ~[,Œo—•”,,—é–Ø@—zŽq,090-7608-9455,user0584@example.jp,2025/08/22
000585,330-7163,é‹ÊŒ§,‚³‚¢‚½‚ÜŽs‰Y˜a‹æ,‚»4-6-12,ƒeƒXƒgƒ}ƒ“ƒVƒ‡ƒ“343†Žº,Š”Ž®‰ïŽÐƒTƒ“ƒvƒ‹¤Ž–,‰c‹Æ•”,,Ö“¡@ˆ¤,048-819-6533,,2024/04/14
000586,730-4711,L“‡Œ§,L“‡Žs’†‹æ,Šî’¬1-5-12,,ƒTƒ“ƒvƒ‹•¨ŽYŠ”Ž®‰ïŽÐ,‘–±•”,‰Û’·,ˆäã@ãÄ,082-264-9831,,2024/03/12
000587,812-0411,•Ÿ‰ªŒ§,•Ÿ‰ªŽs”Ž‘½‹æ,”Ž‘½‰w‘O4-18-2,ƒeƒXƒgƒ}ƒ“ƒVƒ‡ƒ“532†Žº,ƒTƒ“ƒvƒ‹•¨ŽYŠ”Ž®‰ïŽÐ,‘–±•”,‰Û’·,’†‘º@‘å•ã,092-704-6000,user0587@example.jp,2024/12/10
000588,460-3508,ˆ¤’mŒ§,–¼ŒÃ‰®Žs’†‹æ,‰h2-4-4,ƒTƒ“ƒvƒ‹ƒrƒ‹3F,,,,“c’†@ˆê˜Y,090-6349-9690,,2025/10/19
000589,220-5911,_“ÞìŒ§,‰¡•lŽs¼‹æ,‚“‡3-5-12,,Š”Ž®‰ïŽÐ—áŽ¦ƒVƒXƒeƒ€,‘–±•”,,—é–Ø@—TŽq,090-3624-2811,,2025/12/26
000590,812-6411,•Ÿ‰ªŒ§,•Ÿ‰ªŽs”Ž‘½‹æ,”Ž‘½‰w‘O3-17-14,ƒeƒXƒgƒ}ƒ“ƒVƒ‡ƒ“580†Žº,Š”Ž®‰ïŽÐƒTƒ“ƒvƒ‹¤Ž–,Œo—•”,Žå”C,‹g“c@Œ’,090-9908-9783,user0590@example.jp,2024/04/01
000591,730-5611,L“‡Œ§,L“‡Žs’†‹æ,Šî’¬4-1-15,,—LŒÀ‰ïŽÐƒeƒXƒgH‹Æ,‘–±•”,Žå”C,“n•Ó@‘ñ–ç,082-600-9064,user0591@example.jp,2022/06/22
000592,220-1211,_“ÞìŒ§,‰¡•lŽs¼‹æ,‚“‡2-13-7,,,,,—é–Ø@Ê,045-882-9119,user0592@example.jp,2023/09/05
000593,600-3616,‹ž“s•{,‹ž“sŽs‰º‹ž‹æ,“Œ‰–¬˜H’¬4-10-7,,Š”Ž®‰ïŽÐ—áŽ¦ƒVƒXƒeƒ€,‘–±•”,,—Ñ@ˆ¤,075-744-1140,user0593@example.jp,2023/04/09
000594,600-9616,‹ž“s•{,‹ž“sŽs‰º‹ž‹æ,“Œ‰–¬˜H’¬2-17-15,ƒeƒXƒgƒ}ƒ“ƒVƒ‡ƒ“567†Žº,Š”Ž®‰ïŽÐ—áŽ¦ƒVƒXƒeƒ€,‘–±•”,‰Û’·,“n•Ó@Ê,090-5437-9827,,2023/10/24
000595,260-1413,ç—tŒ§,ç—tŽs’†‰›‹æ,’†‰›1-18-7,ƒeƒXƒgƒ}ƒ“ƒVƒ‡ƒ“502†Žº,Š”Ž®‰ïŽÐƒTƒ“ƒvƒ‹¤Ž–,‰c‹Æ•”,‰Û’·,‚‹´@Ê,090-3351-9835,user0595@example.jp,2023/08/26
000596,530-9801,‘åã•{,‘åãŽs–k‹æ,”~“c4-11-4,,ƒTƒ“ƒvƒ‹•¨ŽYŠ”Ž®‰ïŽÐ,‰c‹Æ•”,•”’·,—é–Ø@‘ñ–ç,06-5454-8374,user0596@example.jp,2024/09/11
000597,900-4515,‰«“êŒ§,“ß”eŽs,‹v–Î’n4-13-4,,,,,¼–{@ˆ¤,090-3468-7985,user0597@example.jp,2024/04/01
000598,260-8613,ç—tŒ§,ç—tŽs’†‰›‹æ,’†‰›5-20-15,,—LŒÀ‰ïŽÐƒeƒXƒgH‹Æ,Œo—•”,,‹g“c@‘¾˜Y,043-729-9026,user0598@example.jp,2022/06/02
000599,980-9811,‹{éŒ§,å‘äŽsÂ—t‹æ,ˆê”Ô’¬2-19-12,ƒeƒXƒgƒ}ƒ“ƒVƒ‡ƒ“883†Žº,ƒTƒ“ƒvƒ‹•¨ŽYŠ”Ž®‰ïŽÐ,Œo—•”,‰Û’·,¼–{@Œb,022-958-3899,user0599@example.jp,2025/05/06
000600,160-8622,“Œ‹ž“s,Vh‹æ,Vh3-15-10,,ƒTƒ“ƒvƒ‹•¨ŽYŠ”Ž®‰ïŽÐ,‘–±•”,‰Û’·,—Ñ@Ê,03-3972-5063,,2022/06/25
000601,730-1611,L“‡Œ§,L“‡Žs’†‹æ,Šî’¬5-6-4,,‡“¯‰ïŽÐƒ_ƒ~[,‰c‹Æ•”,Žå”C,ˆÉ“¡@½,082-860-3348,user0601@example.jp,2025/01/28
000602,160-9122,“Œ‹ž“s,Vh‹æ,Vh4-4-9,,Š”Ž®‰ïŽÐ—áŽ¦ƒVƒXƒeƒ€,‘–±•”,‰Û’·,¼–{@^—R”ü,03-6510-9143,,2024/05/25
000603,150-0201,“Œ‹ž“s,a’J‹æ,_‹{‘O5-14-2,ƒeƒXƒgƒ}ƒ“ƒVƒ‡ƒ“277†Žº,,,,ŽR–{@‘ñ–ç,03-2169-3195,,2024/12/05
000604,730-6611,L“‡Œ§,L“‡Žs’†‹æ,Šî’¬1-10-1,ƒeƒXƒgƒ}ƒ“ƒVƒ‡ƒ“880†Žº,,,,ŽRŒû@—R”ü,082-681-8661,user0604@example.jp,2025/12/14
000605,730-6211,L“‡Œ§,L“‡Žs’†‹æ,Šî’¬1-20-9,ƒTƒ“ƒvƒ‹ƒrƒ‹8F,,,,ˆäã@—²,090-5244-9297,,2024/04/13
000606,812-6011,•Ÿ‰ªŒ§,•Ÿ‰ªŽs”Ž‘½‹æ,”Ž‘½‰w‘O1-10-15,,ƒTƒ“ƒvƒ‹•¨ŽYŠ”Ž®‰ïŽÐ,Œo—•”,Žå”C,—é–Ø@”üç,092-169-1842,,2025/05/05
000607,220-7311,_“ÞìŒ§,‰¡•lŽs¼‹æ,‚“‡3-18-11,,ƒTƒ“ƒvƒ‹•¨ŽYŠ”Ž®‰ïŽÐ,‘–±•”,,’†‘º@”üç,045-242-9131,user0607@example.jp,2023/07/20
000608,330-9063,é‹ÊŒ§,‚³‚¢‚½‚ÜŽs‰Y˜a‹æ,‚»1-4-10,ƒTƒ“ƒvƒ‹ƒrƒ‹8F,—LŒÀ‰ïŽÐƒeƒXƒgH‹Æ,‰c‹Æ•”,•”’·,“c’†@ãÄ,090-9933-4025,,2022/12/17
000609,812-7211,•Ÿ‰ªŒ§,•Ÿ‰ªŽs”Ž‘½‹æ,”Ž‘½‰w‘O2-16-6,ƒeƒXƒgƒ}ƒ“ƒVƒ‡ƒ“389†Žº,Š”Ž®‰ïŽÐ—áŽ¦ƒVƒXƒeƒ€,‰c‹Æ•”,•”’·,—é–Ø@Ê,092-192-9969,user0609@example.jp,2025/12/19
000610,100-9305,“Œ‹ž“s,ç‘ã“c‹æ,ŠÛ‚Ì“à3-10-14,ƒeƒXƒgƒ}ƒ“ƒVƒ‡ƒ“439†Žº,ƒTƒ“ƒvƒ‹•¨ŽYŠ”Ž®‰ïŽÐ,‰c‹Æ•”,‰Û’·,ˆäã@½,090-3553-8777,,2022/12/03
000611,220-7011,_“ÞìŒ§,‰¡•lŽs¼‹æ,‚“‡1-4-2,,‡“¯‰ïŽÐƒ_ƒ~[,‘–±•”,‰Û’·,¬—Ñ@—TŽq,045-737-1051,,2024/02/25
000612,060-2301,–kŠC“¹,ŽD–yŽs’†‰›‹æ,–kˆêð¼2-20-14,ƒTƒ“ƒvƒ‹ƒrƒ‹2F,,,,¼–{@ˆê˜Y,011-473-4441,,2024/07/06
000613,530-6101,‘åã•{,‘åãŽs–k‹æ,”~“c2-14-15,,,,,¼–{@Ê,090-3111-2728,user0613@example.jp,2024/12/04
000614,330-8663,é‹ÊŒ§,‚³‚¢‚½‚ÜŽs‰Y˜a‹æ,‚»5-2-10,,,,,—é–Ø@_,090-8996-5536,user0614@example.jp,2024/11/19
000615,100-9705,“Œ‹ž“s,ç‘ã“c‹æ,ŠÛ‚Ì“à5-20-3,ƒTƒ“ƒvƒ‹ƒrƒ‹5F,,,,ŽR“c@”üç,090-8421-8875,user0615@example.jp,2025/05/11
000616,600-8516,‹ž“s•{,‹ž“sŽs‰º‹ž‹æ,“Œ‰–¬˜H’¬4-5-15,,—LŒÀ‰ïŽÐƒeƒXƒgH‹Æ,‰c‹Æ•”,•”’·,–Ø‘º@—zŽq,075-289-8179,user0616@example.jp,2022/07/06
000617,600-5316,‹ž“s•{,‹ž“sŽs‰º‹ž‹æ,“Œ‰–¬˜H’¬1-20-15,,‡“¯‰ïŽÐƒ_ƒ~[,‘–±•”,•”’·,’†‘º@—²,075-379-4053,user0617@example.jp,2023/05/07
000618,980-1711,‹{éŒ§,å‘äŽsÂ—t‹æ,ˆê”Ô’¬4-17-5,,Š”Ž®‰ïŽÐƒTƒ“ƒvƒ‹¤Ž–,‰c‹Æ•”,•”’·,ŽR“c@Œ’,022-772-4095,,2023/10/16
000619,100-3305,“Œ‹ž“s,ç‘ã“c‹æ,ŠÛ‚Ì“à3-17-5,ƒTƒ“ƒvƒ‹ƒrƒ‹4F,,,,—é–Ø@—TŽq,090-6374-6435,user0619@example.jp,2025/09/25
000620,150-1501,“Œ‹ž“s,a’J‹æ,_‹{‘O3-15-1,ƒeƒXƒgƒ}ƒ“ƒVƒ‡ƒ“802†Žº,,,,“c’†@—zŽq,03-1882-3548,,2023/11/26
000621,460-4008,ˆ¤’mŒ§,–¼ŒÃ‰®Žs’†‹æ,‰h4-5-14,,—LŒÀ‰ïŽÐƒeƒXƒgH‹Æ,Œo—•”,,–Ø‘º@^—R”ü,052-377-3364,user0621@example.jp,2023/01/08
000622,160-5722,“Œ‹ž“s,Vh‹æ,Vh3-9-8,,Š”Ž®‰ïŽÐƒTƒ“ƒvƒ‹¤Ž–,Œo—•”,‰Û’·,ŽR–{@ˆ¤,090-4931-4986,user0622@example.jp,2024/11/22
000623,160-0722,“Œ‹ž“s,Vh‹æ,Vh5-14-11,,,,,¼–{@Œ’,03-4765-1208,user0623@example.jp,2023/03/14
000624,650-6221,•ºŒÉŒ§,_ŒËŽs’†‰›‹æ,ŽO‹{’¬1-9-3,ƒeƒXƒgƒ}ƒ“ƒVƒ‡ƒ“790†Žº,ƒTƒ“ƒvƒ‹•¨ŽYŠ”Ž®‰ïŽÐ,Œo—•”,•”’·,ŽRŒû@—R”ü,090-8253-4547,,2024/10/19
000625,100-1105,“Œ‹ž“s,ç‘ã“c‹æ,ŠÛ‚Ì“à1-9-1,ƒTƒ“ƒvƒ‹ƒrƒ‹11F,‡“¯‰ïŽÐƒ_ƒ~[,‘–±•”,•”’·,‹g“c@—TŽq,03-6039-9577,,2025/11/15
000626,900-5915,‰«“êŒ§,“ß”eŽs,‹v–Î’n4-3-15,ƒTƒ“ƒvƒ‹ƒrƒ‹9F,Š”Ž®‰ïŽÐƒTƒ“ƒvƒ‹¤Ž–,Œo—•”,,’†‘º@—zŽq,098-260-4898,user0626@example.jp,2025/08/19
000627,160-4122,“Œ‹ž“s,Vh‹æ,Vh5-18-11,,Š”Ž®‰ïŽÐƒTƒ“ƒvƒ‹¤Ž–,Œo—•”,Žå”C,ŽRŒû@^—R”ü,090-4097-9200,,2022/01/02
000628,150-4801,“Œ‹ž“s,a’J‹æ,_‹{‘O4-1-9,,ƒTƒ“ƒvƒ‹•¨ŽYŠ”Ž®‰ïŽÐ,‘–±•”,,¬—Ñ@‘å•ã,090-7171-7973,,2025/04/04
000629,980-5411,‹{éŒ§,å‘äŽsÂ—t‹æ,ˆê”Ô’¬5-14-1,ƒeƒXƒgƒ}ƒ“ƒVƒ‡ƒ“567†Žº,,,,ŽR“c@½,022-680-2901,,2023/03/09
000630,150-2401,“Œ‹ž“s,a’J‹æ,_‹{‘O4-11-3,ƒTƒ“ƒvƒ‹ƒrƒ‹7F,‡“¯‰ïŽÐƒ_ƒ~[,‘–±•”,•”’·,ŽRŒû@_,090-3809-4725,,2024/08/23
000631,812-9611,•Ÿ‰ªŒ§,•Ÿ‰ªŽs”Ž‘½‹æ,”Ž‘½‰w‘O1-2-14,,Š”Ž®‰ïŽÐƒTƒ“ƒvƒ‹¤Ž–,Œo—•”,•”’·,¼–{@Œ’,090-7042-9923,user0631@example.jp,2023/11/25
000632,260-9013,ç—tŒ§,ç—tŽs’†‰›‹æ,’†‰›5-3-3,,Š”Ž®‰ïŽÐ—áŽ¦ƒVƒXƒeƒ€,‘–±•”,Žå”C,ˆäã@‰ÔŽq,043-247-5938,user0632@example.jp,2024/06/01
000633,460-4508,ˆ¤’mŒ§,–¼ŒÃ‰®Žs’†‹æ,‰h1-3-12,,ƒTƒ“ƒvƒ‹•¨ŽYŠ”Ž®‰ïŽÐ,‰c‹Æ•”,‰Û’·,“n•Ó@‘å•ã,052-502-1486,user0633@example.jp,2022/10/07
000634,100-7705,“Œ‹ž“s,ç‘ã“c‹æ,ŠÛ‚Ì“à4-4-10,,,,,´…@‰ÔŽq,03-5353-5943,user0634@example.jp,2022/10/07
000635,980-4111,‹{éŒ§,å‘äŽsÂ—t‹æ,ˆê”Ô’¬4-12-12,ƒeƒXƒgƒ}ƒ“ƒVƒ‡ƒ“359†Žº,Š”Ž®‰ïŽÐ—áŽ¦ƒVƒXƒeƒ€,‰c‹Æ•”,Žå”C,—é–Ø@—zŽq,090-6624-8870,user0635@example.jp,2024/11/14
000636,150-9901,“Œ‹ž“s,a’J‹æ,_‹{‘O2-6-6,ƒeƒXƒgƒ}ƒ“ƒVƒ‡ƒ“571†Žº,Š”Ž®‰ïŽÐ—áŽ¦ƒVƒXƒeƒ€,‘–±•”,Žå”C,Ö“¡@ˆ¤,090-3483-7439,user0636@example.jp,2023/12/16
000637,980-9511,‹{éŒ§,å‘äŽsÂ—t‹æ,ˆê”Ô’¬2-4-3,,ƒTƒ“ƒvƒ‹•¨ŽYŠ”Ž®‰ïŽÐ,‰c‹Æ•”,,ˆÉ“¡@‘å•ã,022-471-7109,,2025/11/16
000638,330-4363,é‹ÊŒ§,‚³‚¢‚½‚ÜŽs‰Y˜a‹æ,‚»1-10-5,,,,,—é–Ø@‘¾˜Y,048-962-2011,,2025/07/21
000639,160-8022,“Œ‹ž“s,Vh‹æ,Vh4-2-4,ƒeƒXƒgƒ}ƒ“ƒVƒ‡ƒ“302†Žº,‡“¯‰ïŽÐƒ_ƒ~[,Œo—•”,Žå”C,‹g“c@^—R”ü,03-2849-8888,,2025/08/18
000640,100-2105,“Œ‹ž“s,ç‘ã“c‹æ,ŠÛ‚Ì“à3-20-9,ƒeƒXƒgƒ}ƒ“ƒVƒ‡ƒ“561†Žº,Š”Ž®‰ïŽÐƒTƒ“ƒvƒ‹¤Ž–,Œo—•”,‰Û’·,Ö“¡@½,03-7182-2991,,2024/10/06
000641,600-1616,‹ž“s•{,‹ž“sŽs‰º‹ž‹æ,“Œ‰–¬˜H’¬1-19-4,,ƒTƒ“ƒvƒ‹•¨ŽYŠ”Ž®‰ïŽÐ,‘–±•”,•”’·,‹g“c@Œb,090-4759-9327,,2022/11/28
000642,160-7322,“Œ‹ž“s,Vh‹æ,Vh5-6-12,ƒeƒXƒgƒ}ƒ“ƒVƒ‡ƒ“436†Žº,,,,²“¡@½,090-7671-4034,,2023/05/08
000643,150-4701,“Œ‹ž“s,a’J‹æ,_‹{‘O2-7-7,ƒTƒ“ƒvƒ‹ƒrƒ‹4F,—LŒÀ‰ïŽÐƒeƒXƒgH‹Æ,‘–±•”,,Ö“¡@ˆ¤,03-6795-8128,,2024/04/06
000644,650-0121,•ºŒÉŒ§,_ŒËŽs’†‰›‹æ,ŽO‹{’¬4-10-1,,,,,“n•Ó@—TŽq,078-747-7947,user0644@example.jp,2022/01/10
000645,100-6405,“Œ‹ž“s,ç‘ã“c‹æ,ŠÛ‚Ì“à2-12-4,,Š”Ž®‰ïŽÐƒTƒ“ƒvƒ‹¤Ž–,‘–±•”,•”’·,‰Á“¡@‰ÔŽq,090-4687-7478,user0645@example.jp,2023/06/03
000646,600-3616,‹ž“s•{,‹ž“sŽs‰º‹ž‹æ,“Œ‰–¬˜H’¬5-6-13,ƒeƒXƒgƒ}ƒ“ƒVƒ‡ƒ“156†Žº,—LŒÀ‰ïŽÐƒeƒXƒgH‹Æ,‘–±•”,,“n•Ó@ãÄ,090-3325-3544,user0646@example.jp,2024/01/14
000647,100-1505,“Œ‹ž“s,ç‘ã“c‹æ,ŠÛ‚Ì“à1-1-3,ƒTƒ“ƒvƒ‹ƒrƒ‹12F,,,,“n•Ó@”üç,03-2854-6128,user0647@example.jp,2025/02/27
000648,530-0501,‘åã•{,‘åãŽs–k‹æ,”~“c3-13-9,,Š”Ž®‰ïŽÐ—áŽ¦ƒVƒXƒeƒ€,‘–±•”,‰Û’·,‹g“c@—TŽq,090-2010-4927,user0648@example.jp,2022/05/17
000649,600-3216,‹ž“s•{,‹ž“sŽs‰º‹ž‹æ,“Œ‰–¬˜H’¬1-1-12,ƒeƒXƒgƒ}ƒ“ƒVƒ‡ƒ“434†Žº,Š”Ž®‰ïŽÐƒTƒ“ƒvƒ‹¤Ž–,‰c‹Æ•”,•”’·,ŽR–{@ˆ¤,075-503-9578,user0649@example.jp,2024/07/21
000650,460-6908,ˆ¤’mŒ§,–¼ŒÃ‰®Žs’†‹æ,‰h4-20-3,,—LŒÀ‰ïŽÐƒeƒXƒgH‹Æ,Œo—•”,‰Û’·,—é–Ø@’¼Ž÷,052-475-8858,user0650@example.jp,2025/11/19
000651,160-9822,“Œ‹ž“s,Vh‹æ,Vh1-20-9,,‡“¯‰ïŽÐƒ_ƒ~[,‰c‹Æ•”,Žå”C,ŽR–{@½,03-4401-1331,user0651@example.jp,2024/11/23
000652,600-0016,‹ž“s•{,‹ž“sŽs‰º‹ž‹æ,“Œ‰–¬˜H’¬1-14-11,,Š”Ž®‰ïŽÐ—áŽ¦ƒVƒXƒeƒ€,‘–±•”,Žå”C,ŽR–{@½,075-659-8912,,2023/01/14
000653,530-5501,‘åã•{,‘åãŽs–k‹æ,”~“c4-8-11,ƒeƒXƒgƒ}ƒ“ƒVƒ‡ƒ“323†Žº,,,,‰Á“¡@—DŽq,06-9036-3419,,2023/12/14
000654,060-5601,–kŠC“¹,ŽD–yŽs’†‰›‹æ,–kˆêð¼3-1-3,,—LŒÀ‰ïŽÐƒeƒXƒgH‹Æ,Œo—•”,,ŽR–{@‘å•ã,090-4281-9338,user0654@example.jp,2025/01/26
000655,600-2316,‹ž“s•{,‹ž“sŽs‰º‹ž‹æ,“Œ‰–¬˜H’¬3-10-14,ƒTƒ“ƒvƒ‹ƒrƒ‹4F,,,,ŽR“c@‘ñ–ç,075-806-5517,user0655@example.jp,2024/01/04
000656,530-5601,‘åã•{,‘åãŽs–k‹æ,”~“c4-4-4,,,,,²“¡@ãÄ,06-8253-1604,user0656@example.jp,2023/07/17
000657,460-4808,ˆ¤’mŒ§,–¼ŒÃ‰®Žs’†‹æ,‰h3-12-15,,ƒTƒ“ƒvƒ‹•¨ŽYŠ”Ž®‰ïŽÐ,Œo—•”,‰Û’·,²“¡@”üç,052-837-6227,user0657@example.jp,2024/03/12
000658,060-7001,–kŠC“¹,ŽD–yŽs’†‰›‹æ,–kˆêð¼3-3-11,ƒeƒXƒgƒ}ƒ“ƒVƒ‡ƒ“282†Žº,,,,²X–Ø@—R”ü,090-7671-9636,user0658@example.jp,2022/03/01
000659,460-3308,ˆ¤’mŒ§,–¼ŒÃ‰®Žs’†‹æ,‰h4-10-12,,Š”Ž®‰ïŽÐƒTƒ“ƒvƒ‹¤Ž–,Œo—•”,•”’·,’†‘º@—DŽq,052-768-5261,user0659@example.jp,2025/03/27
000660,460-1408,ˆ¤’mŒ§,–¼ŒÃ‰®Žs’†‹æ,‰h3-4-12,ƒTƒ“ƒvƒ‹ƒrƒ‹2F,Š”Ž®‰ïŽÐƒTƒ“ƒvƒ‹¤Ž–,‰c‹Æ•”,,Ö“¡@‘å•ã,052-778-9693,user0660@example.jp,2023/10/18
000661,330-2463,é‹ÊŒ§,‚³‚¢‚½‚ÜŽs‰Y˜a‹æ,‚»2-15-8,ƒTƒ“ƒvƒ‹ƒrƒ‹5F,,,,²“¡@ˆ¤,048-719-5581,user0661@example.jp,2024/02/14
000662,600-4016,‹ž“s•{,‹ž“sŽs‰º‹ž‹æ,“Œ‰–¬˜H’¬2-6-4,,‡“¯‰ïŽÐƒ_ƒ~[,‘–±•”,,¬—Ñ@ˆê˜Y,075-160-1953,,2022/10/10
000663,060-1501,–kŠC“¹,ŽD–yŽs’†‰›‹æ,–kˆêð¼4-1-13,,‡“¯‰ïŽÐƒ_ƒ~[,‰c‹Æ•”,‰Û’·,´…@—R”ü,011-323-9463,user0663@example.jp,2023/12/24
000664,730-6011,L“‡Œ§,L“‡Žs’†‹æ,Šî’¬2-6-8,ƒeƒXƒgƒ}ƒ“ƒVƒ‡ƒ“313†Žº,—LŒÀ‰ïŽÐƒeƒXƒgH‹Æ,Œo—•”,‰Û’·,Ö“¡@Ê,082-179-2881,user0664@example.jp,2025/06/19
000665,220-5411,_“ÞìŒ§,‰¡•lŽs¼‹æ,‚“‡2-7-7,ƒeƒXƒgƒ}ƒ“ƒVƒ‡ƒ“622†Žº,‡“¯‰ïŽÐƒ_ƒ~[,Œo—•”,Žå”C,ŽRŒû@Ê,045-419-8858,user0665@example.jp,2025/11/18
000666,600-1816,‹ž“s•{,‹ž“sŽs‰º‹ž‹æ,“Œ‰–¬˜H’¬4-18-8,,,,,‰Á“¡@”üç,075-609-4367,user0666@example.jp,2024/08/28
000667,730-6111,L“‡Œ§,L“‡Žs’†‹æ,Šî’¬1-1-3,,,,,²“¡@—R”ü,082-638-8315,user0667@example.jp,2024/04/04
000668,900-5515,‰«“êŒ§,“ß”eŽs,‹v–Î’n3-4-11,ƒeƒXƒgƒ}ƒ“ƒVƒ‡ƒ“442†Žº,,,,ŽR“c@”üç,098-775-7222,user0668@example.jp,2023/10/21
000669,650-1521,•ºŒÉŒ§,_ŒËŽs’†‰›‹æ,ŽO‹{’¬5-8-14,,,,,ŽR“c@ˆ¤,078-658-7217,user0669@example.jp,2023/10/24
000670,060-0001,–kŠC“¹,ŽD–yŽs’†‰›‹æ,–kˆêð¼1-6-15,ƒeƒXƒgƒ}ƒ“ƒVƒ‡ƒ“846†Žº,Š”Ž®‰ïŽÐ—áŽ¦ƒVƒXƒeƒ€,‰c‹Æ•”,‰Û’·,–Ø‘º@—R”ü,090-8513-9211,,2023/03/27
000671,900-5315,‰«“êŒ§,“ß”eŽs,‹v–Î’n5-14-8,ƒTƒ“ƒvƒ‹ƒrƒ‹10F,,,,—é–Ø@‰ÔŽq,090-9830-6269,user0671@example.jp,2023/05/08
000672,460-2508,ˆ¤’mŒ§,–¼ŒÃ‰®Žs’†‹æ,‰h4-7-1,ƒTƒ“ƒvƒ‹ƒrƒ‹5F,‡“¯‰ïŽÐƒ_ƒ~[,‰c‹Æ•”,‰Û’·,¼–{@ˆê˜Y,052-651-2794,user0672@example.jp,2024/04/19
000673,100-3505,“Œ‹ž“s,ç‘ã“c‹æ,ŠÛ‚Ì“à2-16-7,ƒeƒXƒgƒ}ƒ“ƒVƒ‡ƒ“227†Žº,,,,‰Á“¡@½,03-5624-3973,user0673@example.jp,2023/05/23
000674,100-2705,“Œ‹ž“s,ç‘ã“c‹æ,ŠÛ‚Ì“à1-8-8,ƒeƒXƒgƒ}ƒ“ƒVƒ‡ƒ“529†Žº,,,,¬—Ñ@ãÄ,03-1898-9827,user0674@example.jp,2022/01/01
000675,460-7508,ˆ¤’mŒ§,–¼ŒÃ‰®Žs’†‹æ,‰h5-14-3,,,,,—é–Ø@Ê,090-6815-6082,,2025/06/02
000676,460-2708,ˆ¤’mŒ§,–¼ŒÃ‰®Žs’†‹æ,‰h2-12-7,ƒTƒ“ƒvƒ‹ƒrƒ‹6F,—LŒÀ‰ïŽÐƒeƒXƒgH‹Æ,‰c‹Æ•”,‰Û’·,²“¡@ˆ¤,090-7928-8306,,2023/02/24
000677,160-9922,“Œ‹ž“s,Vh‹æ,Vh5-13-13,ƒTƒ“ƒvƒ‹ƒrƒ‹10F,‡“¯‰ïŽÐƒ_ƒ~[,‘–±•”,Žå”C,—Ñ@^—R”ü,03-5408-1824,user0677@example.jp,2025/03/24
000678,150-7101,“Œ‹ž“s,a’J‹æ,_‹{‘O4-17-15,,,,,—é–Ø@’¼Ž÷,03-4078-1260,,2024/04/23
000679,100-7705,“Œ‹ž“s,ç‘ã“c‹æ,ŠÛ‚Ì“à2-3-2,,,,,ŽRŒû@‰ÔŽq,090-6776-7304,user0679@example.jp,2025/05/09
000680,812-0711,•Ÿ‰ªŒ§,•Ÿ‰ªŽs”Ž‘½‹æ,”Ž‘½‰w‘O5-16-7,ƒTƒ“ƒvƒ‹ƒrƒ‹12F,,,,ˆÉ“¡@ˆê˜Y,092-710-6418,user0680@example.jp,2023/01/14
000681,812-8111,•Ÿ‰ªŒ§,•Ÿ‰ªŽs”Ž‘½‹æ,”Ž‘½‰w‘O3-3-10,,—LŒÀ‰ïŽÐƒeƒXƒgH‹Æ,‘–±•”,Žå”C,Ö“¡@Ê,092-309-4332,,2023/11/19
000682,812-0811,•Ÿ‰ªŒ§,•Ÿ‰ªŽs”Ž‘½‹æ,”Ž‘½‰w‘O2-4-9,,Š”Ž®‰ïŽÐƒTƒ“ƒvƒ‹¤Ž–,‘–±•”,•”’·,‹g“c@Ê,092-911-6410,,2025/07/24
000683,220-2511,_“ÞìŒ§,‰¡•lŽs¼‹æ,‚“‡4-17-7,,,,,ŽRŒû@_,045-692-7436,user0683@example.jp,2025/09/23
000684,600-6716,‹ž“s•{,‹ž“sŽs‰º‹ž‹æ,“Œ‰–¬˜H’¬3-16-13,ƒTƒ“ƒvƒ‹ƒrƒ‹8F,,,,“n•Ó@’¼Ž÷,075-796-4747,,2022/10/01
000685,730-2911,L“‡Œ§,L“‡Žs’†‹æ,Šî’¬3-14-13,,Š”Ž®‰ïŽÐƒTƒ“ƒvƒ‹¤Ž–,Œo—•”,Žå”C,“c’†@—DŽq,090-9947-7081,user0685@example.jp,2023/01/24
000686,330-2163,é‹ÊŒ§,‚³‚¢‚½‚ÜŽs‰Y˜a‹æ,‚»5-13-13,,,,,“c’†@½,048-940-5185,user0686@example.jp,2023/03/20
000687,900-7815,‰«“êŒ§,“ß”eŽs,‹v–Î’n5-1-13,,,,,ˆäã@ˆê˜Y,098-570-2076,user0687@example.jp,2023/07/15
000688,980-7311,‹{éŒ§,å‘äŽsÂ—t‹æ,ˆê”Ô’¬4-5-12,,,,,“c’†@”üç,022-528-8876,user0688@example.jp,2025/12/22
000689,100-6705,“Œ‹ž“s,ç‘ã“c‹æ,ŠÛ‚Ì“à4-9-5,ƒeƒXƒgƒ}ƒ“ƒVƒ‡ƒ“351†Žº,Š”Ž®‰ïŽÐƒTƒ“ƒvƒ‹¤Ž–,‰c‹Æ•”,Žå”C,ˆäã@Œb,090-5617-3065,user0689@example.jp,2023/07/26
000690,600-9916,‹ž“s•{,‹ž“sŽs‰º‹ž‹æ,“Œ‰–¬˜H’¬4-12-10,,ƒTƒ“ƒvƒ‹•¨ŽYŠ”Ž®‰ïŽÐ,‰c‹Æ•”,Žå”C,ŽR–{@‘ñ–ç,090-2315-5353,user0690@example.jp,2024/01/28
000691,060-8501,–kŠC“¹,ŽD–yŽs’†‰›‹æ,–kˆêð¼1-20-3,ƒTƒ“ƒvƒ‹ƒrƒ‹3F,,,,ˆÉ“¡@‘ñ–ç,011-984-8418,user0691@example.jp,2023/04/14
000692,730-7311,L“‡Œ§,L“‡Žs’†‹æ,Šî’¬1-14-11,ƒeƒXƒgƒ}ƒ“ƒVƒ‡ƒ“655†Žº,Š”Ž®‰ïŽÐ—áŽ¦ƒVƒXƒeƒ€,‘–±•”,Žå”C,“n•Ó@‰ÔŽq,082-659-3290,,2022/08/12
000693,900-7215,‰«“êŒ§,“ß”eŽs,‹v–Î’n5-4-12,ƒTƒ“ƒvƒ‹ƒrƒ‹10F,,,,¬—Ñ@—R”ü,098-423-6231,user0693@example.jp,2022/03/03
000694,220-4211,_“ÞìŒ§,‰¡•lŽs¼‹æ,‚“‡3-8-5,,Š”Ž®‰ïŽÐ—áŽ¦ƒVƒXƒeƒ€,‰c‹Æ•”,•”’·,Ö“¡@—DŽq,090-8383-9494,user0694@example.jp,2024/10/28
000695,650-1621,•ºŒÉŒ§,_ŒËŽs’†‰›‹æ,ŽO‹{’¬3-9-1,ƒeƒXƒgƒ}ƒ“ƒVƒ‡ƒ“348†Žº,,,,²“¡@_,090-1198-7611,user0695@example.jp,2024/11/18
000696,460-6908,ˆ¤’mŒ§,–¼ŒÃ‰®Žs’†‹æ,‰h5-19-10,,—LŒÀ‰ïŽÐƒeƒXƒgH‹Æ,‘–±•”,Žå”C,ˆÉ“¡@Œ’,052-146-2300,user0696@example.jp,2022/10/25
000697,100-0905,“Œ‹ž“s,ç‘ã“c‹æ,ŠÛ‚Ì“à4-12-10,,Š”Ž®‰ïŽÐ—áŽ¦ƒVƒXƒeƒ€,Œo—•”,•”’·,‹g“c@’¼Ž÷,03-7953-2935,user0697@example.jp,2024/03/17
000698,060-2801,–kŠC“¹,ŽD–yŽs’†‰›‹æ,–kˆêð¼3-10-8,,Š”Ž®‰ïŽÐ—áŽ¦ƒVƒXƒeƒ€,Œo—•”,‰Û’·,ŽR“c@½,011-736-1900,,2024/11/26
000699,330-0063,é‹ÊŒ§,‚³‚¢‚½‚ÜŽs‰Y˜a‹æ,‚»5-4-10,,ƒTƒ“ƒvƒ‹•¨ŽYŠ”Ž®‰ïŽÐ,‰c‹Æ•”,,‹g“c@’¼Ž÷,048-316-7189,user0699@example.jp,2025/06/16
000700,980-4811,‹{éŒ§,å‘äŽsÂ—t‹æ,ˆê”Ô’¬4-18-15,,,,,¼–{@^—R”ü,090-4757-4969,,2023/08/21
000701,460-8408,ˆ¤’mŒ§,–¼ŒÃ‰®Žs’†‹æ,‰h1-12-6,,,,,“n•Ó@—DŽq,090-7501-3351,,2022/06/18
000702,160-0522,“Œ‹ž“s,Vh‹æ,Vh1-10-4,,—LŒÀ‰ïŽÐƒeƒXƒgH‹Æ,Œo—•”,‰Û’·,—é–Ø@^—R”ü,03-9305-7000,user0702@example.jp,2025/10/20
000703,980-4011,‹{éŒ§,å‘äŽsÂ—t‹æ,ˆê”Ô’¬2-1-5,,ƒTƒ“ƒvƒ‹•¨ŽYŠ”Ž®‰ïŽÐ,Œo—•”,‰Û’·,ˆÉ“¡@’¼Ž÷,022-406-7647,user0703@example.jp,2024/08/06
000704,220-8011,_“ÞìŒ§,‰¡•lŽs¼‹æ,‚“‡1-19-8,ƒTƒ“ƒvƒ‹ƒrƒ‹8F,‡“¯‰ïŽÐƒ_ƒ~[,Œo—•”,•”’·,‰Á“¡@Œb,045-706-3078,,2023/09/19
000705,900-1015,‰«“êŒ§,“ß”eŽs,‹v–Î’n4-14-13,ƒeƒXƒgƒ}ƒ“ƒVƒ‡ƒ“603†Žº,,,,“c’†@ˆ¤,098-864-8925,,2023/10/02
000706,150-1001,“Œ‹ž“s,a’J‹æ,_‹{‘O3-7-1,ƒTƒ“ƒvƒ‹ƒrƒ‹10F,,,,ˆäã@Œb,03-6090-7527,,2024/02/18
000707,530-0001,‘åã•{,‘åãŽs–k‹æ,”~“c4-16-6,,Š”Ž®‰ïŽÐƒTƒ“ƒvƒ‹¤Ž–,‰c‹Æ•”,•”’·,“c’†@ãÄ,090-1701-2881,,2024/11/07
000708,600-5216,‹ž“s•{,‹ž“sŽs‰º‹ž‹æ,“Œ‰–¬˜H’¬4-20-7,,,,,“c’†@‘¾˜Y,075-912-8427,user0708@example.jp,2022/10/23
000709,150-7201,“Œ‹ž“s,a’J‹æ,_‹{‘O1-11-7,,—LŒÀ‰ïŽÐƒeƒXƒgH‹Æ,‘–±•”,‰Û’·,Ö“¡@—zŽq,090-2065-6980,user0709@example.jp,2023/02/09
000710,220-7011,_“ÞìŒ§,‰¡•lŽs¼‹æ,‚“‡4-20-9,,—LŒÀ‰ïŽÐƒeƒXƒgH‹Æ,Œo—•”,,’†‘º@ˆê˜Y,045-453-1357,,2023/06/03
000711,100-0305,“Œ‹ž“s,ç‘ã“c‹æ,ŠÛ‚Ì“à4-3-14,ƒeƒXƒgƒ}ƒ“ƒVƒ‡ƒ“177†Žº,Š”Ž®‰ïŽÐ—áŽ¦ƒVƒXƒeƒ€,‘–±•”,,‚‹´@½,090-6170-1877,user0711@example.jp,2023/01/12
000712,060-4201,–kŠC“¹,ŽD–yŽs’†‰›‹æ,–kˆêð¼1-19-9,ƒTƒ“ƒvƒ‹ƒrƒ‹10F,,,,“n•Ó@Œ’,011-838-5701,user0712@example.jp,2022/04/07
000713,150-8901,“Œ‹ž“s,a’J‹æ,_‹{‘O5-7-14,ƒeƒXƒgƒ}ƒ“ƒVƒ‡ƒ“381†Žº,Š”Ž®‰ïŽÐƒTƒ“ƒvƒ‹¤Ž–,‰c‹Æ•”,,¼–{@—²,03-5230-4780,,2022/07/27
000714,900-2115,‰«“êŒ§,“ß”eŽs,‹v–Î’n1-7-14,,—LŒÀ‰ïŽÐƒeƒXƒgH‹Æ,‰c‹Æ•”,•”’·,ŽRŒû@‘å•ã,098-219-8912,user0714@example.jp,2023/10/21
000715,980-4911,‹{éŒ§,å‘äŽsÂ—t‹æ,ˆê”Ô’¬2-15-14,,Š”Ž®‰ïŽÐ—áŽ¦ƒVƒXƒeƒ€,‰c‹Æ•”,,‚‹´@’¼Ž÷,022-819-3629,user0715@example.jp,2022/01/27
000716,260-1413,ç—tŒ§,ç—tŽs’†‰›‹æ,’†‰›4-10-9,,—LŒÀ‰ïŽÐƒeƒXƒgH‹Æ,Œo—•”,‰Û’·,’†‘º@Œ’,090-3532-1525,,2024/04/12
000717,812-2111,•Ÿ‰ªŒ§,•Ÿ‰ªŽs”Ž‘½‹æ,”Ž‘½‰w‘O4-8-4,,,,,‰Á“¡@ãÄ,092-864-9297,user0717@example.jp,2022/01/28
000718,650-5521,•ºŒÉŒ§,_ŒËŽs’†‰›‹æ,ŽO‹{’¬1-3-10,,,,,—Ñ@^—R”ü,078-560-7271,,2023/08/20
000719,812-6211,•Ÿ‰ªŒ§,•Ÿ‰ªŽs”Ž‘½‹æ,”Ž‘½‰w‘O4-5-4,,—LŒÀ‰ïŽÐƒeƒXƒgH‹Æ,Œo—•”,,¼–{@ãÄ,092-401-6695,,2024/07/20
000720,330-6963,é‹ÊŒ§,‚³‚¢‚½‚ÜŽs‰Y˜a‹æ,‚»5-9-2,ƒeƒXƒgƒ}ƒ“ƒVƒ‡ƒ“796†Žº,‡“¯‰ïŽÐƒ_ƒ~[,Œo—•”,•”’·,—Ñ@ˆ¤,048-324-5737,user0720@example.jp,2025/10/24
000721,980-6011,‹{éŒ§,å‘äŽsÂ—t‹æ,ˆê”Ô’¬3-12-11,ƒeƒXƒgƒ}ƒ“ƒVƒ‡ƒ“434†Žº,‡“¯‰ïŽÐƒ_ƒ~[,Œo—•”,•”’·,“n•Ó@—DŽq,090-9558-8912,,2024/11/10
000722,160-2322,“Œ‹ž“s,Vh‹æ,Vh2-4-14,,Š”Ž®‰ïŽÐ—áŽ¦ƒVƒXƒeƒ€,‰c‹Æ•”,•”’·,—é–Ø@—²,03-2645-8975,user0722@example.jp,2023/06/12
000723,900-2715,‰«“êŒ§,“ß”eŽs,‹v–Î’n5-7-8,ƒeƒXƒgƒ}ƒ“ƒVƒ‡ƒ“130†Žº,,,,ŽRŒû@‰ÔŽq,098-371-9849,,2025/07/12
000724,730-7711,L“‡Œ§,L“‡Žs’†‹æ,Šî’¬2-8-10,ƒTƒ“ƒvƒ‹ƒrƒ‹8F,,,,’†‘º@_,090-7958-2204,user0724@example.jp,2022/05/27
000725,650-6421,•ºŒÉŒ§,_ŒËŽs’†‰›‹æ,ŽO‹{’¬5-8-6,,,,,‚‹´@^—R”ü,078-603-9057,,2024/06/13
000726,812-5811,•Ÿ‰ªŒ§,•Ÿ‰ªŽs”Ž‘½‹æ,”Ž‘½‰w‘O3-5-4,ƒeƒXƒgƒ}ƒ“ƒVƒ‡ƒ“822†Žº,Š”Ž®‰ïŽÐƒTƒ“ƒvƒ‹¤Ž–,Œo—•”,Žå”C,—é–Ø@ãÄ,092-873-6861,,2022/12/23
000727,220-1711,_“ÞìŒ§,‰¡•lŽs¼‹æ,‚“‡4-5-9,,,,,¬—Ñ@”üç,045-485-2365,,2023/07/14
000728,100-5905,“Œ‹ž“s,ç‘ã“c‹æ,ŠÛ‚Ì“à3-19-4,,Š”Ž®‰ïŽÐƒTƒ“ƒvƒ‹¤Ž–,‘–±•”,,‰Á“¡@_,03-4711-2921,user0728@example.jp,2023/10/16
000729,160-6422,“Œ‹ž“s,Vh‹æ,Vh3-10-6,,Š”Ž®‰ïŽÐƒTƒ“ƒvƒ‹¤Ž–,Œo—•”,,ˆÉ“¡@—zŽq,090-5051-1021,,2025/11/27
000730,980-0811,‹{éŒ§,å‘äŽsÂ—t‹æ,ˆê”Ô’¬2-16-8,ƒTƒ“ƒvƒ‹ƒrƒ‹9F,‡“¯‰ïŽÐƒ_ƒ~[,Œo—•”,‰Û’·,ŽR“c@ãÄ,090-6318-2158,user0730@example.jp,2022/05/13
000731,060-0301,–kŠC“¹,ŽD–yŽs’†‰›‹æ,–kˆêð¼1-13-4,ƒeƒXƒgƒ}ƒ“ƒVƒ‡ƒ“190†Žº,Š”Ž®‰ïŽÐƒTƒ“ƒvƒ‹¤Ž–,‰c‹Æ•”,,¼–{@—zŽq,011-417-7964,user0731@example.jp,2025/07/28
000732,900-7415,‰«“êŒ§,“ß”eŽs,‹v–Î’n3-6-7,,,,,²“¡@ˆê˜Y,090-5947-6437,user0732@example.jp,2025/03/11
000733,730-0211,L“‡Œ§,L“‡Žs’†‹æ,Šî’¬1-15-13,ƒeƒXƒgƒ}ƒ“ƒVƒ‡ƒ“602†Žº,Š”Ž®‰ïŽÐ—áŽ¦ƒVƒXƒeƒ€,‘–±•”,‰Û’·,“c’†@ˆê˜Y,082-623-1225,user0733@example.jp,2022/04/24
000734,980-9111,‹{éŒ§,å‘äŽsÂ—t‹æ,ˆê”Ô’¬4-9-1,,‡“¯‰ïŽÐƒ_ƒ~[,‰c‹Æ•”,‰Û’·,—é–Ø@—DŽq,022-680-9695,user0734@example.jp,2024/03/02
000735,330-0863,é‹ÊŒ§,‚³‚¢‚½‚ÜŽs‰Y˜a‹æ,‚»5-6-11,ƒTƒ“ƒvƒ‹ƒrƒ‹7F,Š”Ž®‰ïŽÐ—áŽ¦ƒVƒXƒeƒ€,Œo—•”,•”’·,¼–{@—TŽq,048-210-4981,user0735@example.jp,2025/03/17
000736,060-2901,–kŠC“¹,ŽD–yŽs’†‰›‹æ,–kˆêð¼5-2-12,,‡“¯‰ïŽÐƒ_ƒ~[,‘–±•”,•”’·,ŽRŒû@’¼Ž÷,011-252-2329,user0736@example.jp,2025/02/06
000737,160-3922,“Œ‹ž“s,Vh‹æ,Vh5-6-4,,,,,’†‘º@^—R”ü,03-1539-8107,,2022/03/04
000738,460-6408,ˆ¤’mŒ§,–¼ŒÃ‰®Žs’†‹æ,‰h1-19-1,ƒTƒ“ƒvƒ‹ƒrƒ‹5F,—LŒÀ‰ïŽÐƒeƒXƒgH‹Æ,‘–±•”,,‚‹´@‘ñ–ç,052-582-1630,user0738@example.jp,2025/01/28
000739,730-0911,L“‡Œ§,L“‡Žs’†‹æ,Šî’¬1-9-5,,Š”Ž®‰ïŽÐ—áŽ¦ƒVƒXƒeƒ€,‰c‹Æ•”,•”’·,‰Á“¡@Œb,082-331-4861,,2023/07/02
000740,900-8515,‰«“êŒ§,“ß”eŽs,‹v–Î’n5-12-15,ƒeƒXƒgƒ}ƒ“ƒVƒ‡ƒ“290†Žº,,,,²“¡@‘ñ–ç,098-802-1692,,2023/09/17
000741,160-3022,“Œ‹ž“s,Vh‹æ,Vh2-3-12,,Š”Ž®‰ïŽÐƒTƒ“ƒvƒ‹¤Ž–,Œo—•”,,‰Á“¡@—R”ü,090-4660-8105,user0741@example.jp,2024/09/10
000742,730-6511,L“‡Œ§,L“‡Žs’†‹æ,Šî’¬1-10-10,,ƒTƒ“ƒvƒ‹•¨ŽYŠ”Ž®‰ïŽÐ,‘–±•”,‰Û’·,ŽR“c@Œ’,090-6063-3009,,2024/05/15
000743,160-4922,“Œ‹ž“s,Vh‹æ,Vh3-3-14,ƒeƒXƒgƒ}ƒ“ƒVƒ‡ƒ“674†Žº,,,,¼–{@Œb,03-6524-1685,user0743@example.jp,2025/12/09
000744,150-2401,“Œ‹ž“s,a’J‹æ,_‹{‘O2-11-13,,Š”Ž®‰ïŽÐƒTƒ“ƒvƒ‹¤Ž–,‘–±•”,,ˆÉ“¡@Ê,03-5944-1561,user0744@example.jp,2025/08/10
000745,150-5301,“Œ‹ž“s,a’J‹æ,_‹{‘O3-16-11,,Š”Ž®‰ïŽÐ—áŽ¦ƒVƒXƒeƒ€,‘–±•”,‰Û’·,´…@‘ñ–ç,090-2681-3614,user0745@example.jp,2022/01/10
000746,060-8301,–kŠC“¹,ŽD–yŽs’†‰›‹æ,–kˆêð¼2-20-10,,,,,‰Á“¡@Œb,011-632-2931,user0746@example.jp,2023/12/20
000747,260-0513,ç—tŒ§,ç—tŽs’†‰›‹æ,’†‰›2-19-3,,,,,’†‘º@Œ’,043-436-7933,user0747@example.jp,2023/05/14
000748,530-1401,‘åã•{,‘åãŽs–k‹æ,”~“c5-18-1,,—LŒÀ‰ïŽÐƒeƒXƒgH‹Æ,‘–±•”,‰Û’·,“c’†@’¼Ž÷,06-7554-2227,,2024/05/05
000749,900-5415,‰«“êŒ§,“ß”eŽs,‹v–Î’n3-8-1,ƒTƒ“ƒvƒ‹ƒrƒ‹4F,‡“¯‰ïŽÐƒ_ƒ~[,‰c‹Æ•”,Žå”C,ˆÉ“¡@Œb,098-449-8730,user0749@example.jp,2025/12/06
000750,980-0211,‹{éŒ§,å‘äŽsÂ—t‹æ,ˆê”Ô’¬2-8-10,,,,,²X–Ø@ˆ¤,090-2144-9488,,2023/02/17
000751,650-1721,•ºŒÉŒ§,_ŒËŽs’†‰›‹æ,ŽO‹{’¬1-5-4,ƒTƒ“ƒvƒ‹ƒrƒ‹3F,‡“¯‰ïŽÐƒ_ƒ~[,‰c‹Æ•”,Žå”C,“n•Ó@ãÄ,078-883-9684,user0751@example.jp,2022/02/03
000752,460-7808,ˆ¤’mŒ§,–¼ŒÃ‰®Žs’†‹æ,‰h2-6-5,,Š”Ž®‰ïŽÐƒTƒ“ƒvƒ‹¤Ž–,‘–±•”,‰Û’·,“c’†@‘¾˜Y,052-109-8771,user0752@example.jp,2023/05/04
000753,150-6401,“Œ‹ž“s,a’J‹æ,_‹{‘O5-9-8,ƒTƒ“ƒvƒ‹ƒrƒ‹4F,—LŒÀ‰ïŽÐƒeƒXƒgH‹Æ,Œo—•”,‰Û’·,—é–Ø@Ê,03-4189-4322,user0753@example.jp,2022/01/23
000754,600-8216,‹ž“s•{,‹ž“sŽs‰º‹ž‹æ,“Œ‰–¬˜H’¬4-20-13,,ƒTƒ“ƒvƒ‹•¨ŽYŠ”Ž®‰ïŽÐ,‰c‹Æ•”,Žå”C,Ö“¡@—R”ü,075-448-9676,,2024/01/22
000755,600-0316,‹ž“s•{,‹ž“sŽs‰º‹ž‹æ,“Œ‰–¬˜H’¬4-20-7,,Š”Ž®‰ïŽÐƒTƒ“ƒvƒ‹¤Ž–,‰c‹Æ•”,Žå”C,ŽR–{@Œ’,075-903-7534,user0755@example.jp,2022/11/04
000756,460-6608,ˆ¤’mŒ§,–¼ŒÃ‰®Žs’†‹æ,‰h2-7-10,,—LŒÀ‰ïŽÐƒeƒXƒgH‹Æ,Œo—•”,‰Û’·,–Ø‘º@—DŽq,090-3764-7656,user0756@example.jp,2024/10/19
000757,460-6608,ˆ¤’mŒ§,–¼ŒÃ‰®Žs’†‹æ,‰h2-5-6,,—LŒÀ‰ïŽÐƒeƒXƒgH‹Æ,‰c‹Æ•”,Žå”C,¼–{@‘ñ–ç,052-881-3568,user0757@example.jp,2025/09/09
000758,100-0805,“Œ‹ž“s,ç‘ã“c‹æ,ŠÛ‚Ì“à4-5-9,,,,,ŽR–{@‘¾˜Y,03-1753-1644,user0758@example.jp,2024/07/17
000759,460-5108,ˆ¤’mŒ§,–¼ŒÃ‰®Žs’†‹æ,‰h2-13-15,,ƒTƒ“ƒvƒ‹•¨ŽYŠ”Ž®‰ïŽÐ,‘–±•”,‰Û’·,ŽRŒû@‰ÔŽq,052-173-8776,,2022/12/18
000760,812-1411,•Ÿ‰ªŒ§,•Ÿ‰ªŽs”Ž‘½‹æ,”Ž‘½‰w‘O2-7-4,,,,,‚‹´@ˆ¤,092-783-4268,,2025/11/10
000761,100-4805,“Œ‹ž“s,ç‘ã“c‹æ,ŠÛ‚Ì“à2-5-15,,ƒTƒ“ƒvƒ‹•¨ŽYŠ”Ž®‰ïŽÐ,Œo—•”,•”’·,—Ñ@‘¾˜Y,03-5466-6934,user0761@example.jp,2025/04/04
000762,730-2411,L“‡Œ§,L“‡Žs’†‹æ,Šî’¬2-1-1,,Š”Ž®‰ïŽÐƒTƒ“ƒvƒ‹¤Ž–,Œo—•”,•”’·,ˆÉ“¡@Œb,082-694-6525,user0762@example.jp,2023/04/26
000763,460-1308,ˆ¤’mŒ§,–¼ŒÃ‰®Žs’†‹æ,‰h3-4-13,ƒTƒ“ƒvƒ‹ƒrƒ‹11F,—LŒÀ‰ïŽÐƒeƒXƒgH‹Æ,‘–±•”,,‚‹´@Œ’,090-9017-9553,,2024/05/12
000764,220-0111,_“ÞìŒ§,‰¡•lŽs¼‹æ,‚“‡2-19-1,ƒeƒXƒgƒ}ƒ“ƒVƒ‡ƒ“750†Žº,,,,‚‹´@—DŽq,045-201-4681,user0764@example.jp,2023/10/27
000765,160-4122,“Œ‹ž“s,Vh‹æ,Vh3-17-1,,,,,²“¡@ˆ¤,03-4613-7183,user0765@example.jp,2022/11/09
000766,160-5222,“Œ‹ž“s,Vh‹æ,Vh3-2-9,,,,,´…@Œb,03-2265-7259,,2025/07/24
000767,900-2615,‰«“êŒ§,“ß”eŽs,‹v–Î’n2-4-8,ƒTƒ“ƒvƒ‹ƒrƒ‹11F,,,,—Ñ@‘ñ–ç,090-9931-7422,,2023/09/10
000768,160-8022,“Œ‹ž“s,Vh‹æ,Vh3-17-10,ƒeƒXƒgƒ}ƒ“ƒVƒ‡ƒ“736†Žº,,,,“c’†@_,03-5935-5474,,2025/01/05
000769,150-1201,“Œ‹ž“s,a’J‹æ,_‹{‘O1-4-9,,,,,ŽR“c@‘ñ–ç,03-2828-5095,user0769@example.jp,2025/09/24
000770,160-0422,“Œ‹ž“s,Vh‹æ,Vh5-6-13,,ƒTƒ“ƒvƒ‹•¨ŽYŠ”Ž®‰ïŽÐ,‘–±•”,,Ö“¡@ˆê˜Y,03-2327-8304,,2024/09/21
000771,220-0611,_“ÞìŒ§,‰¡•lŽs¼‹æ,‚“‡2-9-3,,Š”Ž®‰ïŽÐ—áŽ¦ƒVƒXƒeƒ€,‰c‹Æ•”,Žå”C,´…@_,090-9678-5807,user0771@example.jp,2025/09/04
000772,530-3201,‘åã•{,‘åãŽs–k‹æ,”~“c5-10-14,ƒTƒ“ƒvƒ‹ƒrƒ‹8F,Š”Ž®‰ïŽÐ—áŽ¦ƒVƒXƒeƒ€,‘–±•”,Žå”C,¼–{@_,06-8404-8047,user0772@example.jp,2023/11/25
000773,900-3015,‰«“êŒ§,“ß”eŽs,‹v–Î’n1-10-10,ƒTƒ“ƒvƒ‹ƒrƒ‹10F,,,,²X–Ø@—DŽq,098-618-8263,,2024/10/17
000774,060-6801,–kŠC“¹,ŽD–yŽs’†‰›‹æ,–kˆêð¼5-10-6,,,,,‰Á“¡@‘å•ã,011-937-6493,user0774@example.jp,2022/05/27
000775,650-6121,•ºŒÉŒ§,_ŒËŽs’†‰›‹æ,ŽO‹{’¬3-11-2,,,,,ŽR“c@½,078-407-7961,user0775@example.jp,2022/11/16
000776,330-4363,é‹ÊŒ§,‚³‚¢‚½‚ÜŽs‰Y˜a‹æ,‚»3-9-12,ƒeƒXƒgƒ}ƒ“ƒVƒ‡ƒ“368†Žº,Š”Ž®‰ïŽÐ—áŽ¦ƒVƒXƒeƒ€,Œo—•”,•”’·,Ö“¡@‘å•ã,090-3252-5051,,2023/10/13
000777,600-3416,‹ž“s•{,‹ž“sŽs‰º‹ž‹æ,“Œ‰–¬˜H’¬5-9-8,ƒeƒXƒgƒ}ƒ“ƒVƒ‡ƒ“273†Žº,Š”Ž®‰ïŽÐƒTƒ“ƒvƒ‹¤Ž–,Œo—•”,,—Ñ@Œb,075-638-2053,,2024/03/22
000778,812-8411,•Ÿ‰ªŒ§,•Ÿ‰ªŽs”Ž‘½‹æ,”Ž‘½‰w‘O4-4-9,,,,,—Ñ@ˆê˜Y,090-9942-3336,user0778@example.jp,2022/12/01
000779,460-8008,ˆ¤’mŒ§,–¼ŒÃ‰®Žs’†‹æ,‰h2-4-12,,Š”Ž®‰ïŽÐƒTƒ“ƒvƒ‹¤Ž–,Œo—•”,,²X–Ø@ˆ¤,052-298-8888,,2024/04/04
000780,530-4201,‘åã•{,‘åãŽs–k‹æ,”~“c1-11-9,,,,,—Ñ@ˆê˜Y,06-5811-6384,user0780@example.jp,2025/11/07
000781,530-4401,‘åã•{,‘åãŽs–k‹æ,”~“c4-16-11,,,,,—Ñ@‘å•ã,06-4045-4764,user0781@example.jp,2024/11/22
000782,650-5321,•ºŒÉŒ§,_ŒËŽs’†‰›‹æ,ŽO‹{’¬3-8-5,ƒeƒXƒgƒ}ƒ“ƒVƒ‡ƒ“172†Žº,‡“¯‰ïŽÐƒ_ƒ~[,‰c‹Æ•”,•”’·,‹g“c@—zŽq,090-6706-4706,,2022/06/26
000783,100-3405,“Œ‹ž“s,ç‘ã“c‹æ,ŠÛ‚Ì“à2-5-10,,Š”Ž®‰ïŽÐƒTƒ“ƒvƒ‹¤Ž–,‘–±•”,‰Û’·,ˆäã@Ê,03-9853-2244,user0783@example.jp,2024/09/14
000784,980-7311,‹{éŒ§,å‘äŽsÂ—t‹æ,ˆê”Ô’¬2-10-6,ƒTƒ“ƒvƒ‹ƒrƒ‹2F,Š”Ž®‰ïŽÐƒTƒ“ƒvƒ‹¤Ž–,Œo—•”,,‰Á“¡@”üç,090-8117-9001,,2023/07/25
000785,980-1911,‹{éŒ§,å‘äŽsÂ—t‹æ,ˆê”Ô’¬3-17-4,ƒTƒ“ƒvƒ‹ƒrƒ‹11F,,,,“n•Ó@‘¾˜Y,022-186-1436,user0785@example.jp,2025/08/12
000786,220-4411,_“ÞìŒ§,‰¡•lŽs¼‹æ,‚“‡1-9-11,ƒTƒ“ƒvƒ‹ƒrƒ‹12F,,,,¼–{@‘¾˜Y,045-817-4626,,2025/08/07
000787,650-2021,•ºŒÉŒ§,_ŒËŽs’†‰›‹æ,ŽO‹{’¬1-19-15,ƒeƒXƒgƒ}ƒ“ƒVƒ‡ƒ“655†Žº,‡“¯‰ïŽÐƒ_ƒ~[,‘–±•”,Žå”C,²X–Ø@—²,078-502-2896,,2024/02/04
000788,100-2505,“Œ‹ž“s,ç‘ã“c‹æ,ŠÛ‚Ì“à1-10-12,,,,,²“¡@Œ’,03-6946-8394,,2025/02/25
000789,060-0701,–kŠC“¹,ŽD–yŽs’†‰›‹æ,–kˆêð¼5-13-8,,,,,¼–{@’¼Ž÷,090-5753-7208,user0789@example.jp,2023/01/28
000790,100-0705,“Œ‹ž“s,ç‘ã“c‹æ,ŠÛ‚Ì“à4-1-8,,‡“¯‰ïŽÐƒ_ƒ~[,‘–±•”,•”’·,‚‹´@‘å•ã,090-4832-9993,user0790@example.jp,2023/08/17
000791,060-7001,–kŠC“¹,ŽD–yŽs’†‰›‹æ,–kˆêð¼5-4-2,ƒeƒXƒgƒ}ƒ“ƒVƒ‡ƒ“526†Žº,—LŒÀ‰ïŽÐƒeƒXƒgH‹Æ,Œo—•”,,²“¡@ˆ¤,090-1724-8651,user0791@example.jp,2022/12/13
000792,220-2411,_“ÞìŒ§,‰¡•lŽs¼‹æ,‚“‡1-10-15,ƒeƒXƒgƒ}ƒ“ƒVƒ‡ƒ“785†Žº,‡“¯‰ïŽÐƒ_ƒ~[,Œo—•”,,‚‹´@‘ñ–ç,045-465-6442,,2022/07/15
000793,160-6022,“Œ‹ž“s,Vh‹æ,Vh5-17-6,,Š”Ž®‰ïŽÐ—áŽ¦ƒVƒXƒeƒ€,‘–±•”,,’†‘º@’¼Ž÷,03-3818-8774,,2023/05/09
000794,900-2515,‰«“êŒ§,“ß”eŽs,‹v–Î’n5-10-5,,,,,–Ø‘º@Ê,098-956-1662,,2023/05/13
000795,980-5311,‹{éŒ§,å‘äŽsÂ—t‹æ,ˆê”Ô’¬5-19-2,,—LŒÀ‰ïŽÐƒeƒXƒgH‹Æ,‘–±•”,‰Û’·,ˆÉ“¡@—²,022-581-6921,,2025/05/26
000796,812-7911,•Ÿ‰ªŒ§,•Ÿ‰ªŽs”Ž‘½‹æ,”Ž‘½‰w‘O3-9-8,,—LŒÀ‰ïŽÐƒeƒXƒgH‹Æ,‰c‹Æ•”,•”’·,“c’†@Ê,090-1629-7986,user0796@example.jp,2022/05/04
000797,460-3808,ˆ¤’mŒ§,–¼ŒÃ‰®Žs’†‹æ,‰h5-7-15,ƒTƒ“ƒvƒ‹ƒrƒ‹8F,Š”Ž®‰ïŽÐƒTƒ“ƒvƒ‹¤Ž–,‘–±•”,Žå”C,ŽRŒû@‘¾˜Y,052-456-4160,user0797@example.jp,2025/03/16
000798,900-7715,‰«“êŒ§,“ß”eŽs,‹v–Î’n5-12-8,,,,,–Ø‘º@ˆ¤,090-5098-2266,user0798@example.jp,2022/05/09
000799,460-5008,ˆ¤’mŒ§,–¼ŒÃ‰®Žs’†‹æ,‰h5-15-2,,Š”Ž®‰ïŽÐ—áŽ¦ƒVƒXƒeƒ€,Œo—•”,,²“¡@ˆ¤,052-275-5348,user0799@example.jp,2024/01/15
000800,980-7611,‹{éŒ§,å‘äŽsÂ—t‹æ,ˆê”Ô’¬5-7-3,ƒTƒ“ƒvƒ‹ƒrƒ‹10F,Š”Ž®‰ïŽÐ—áŽ¦ƒVƒXƒeƒ€,‘–±•”,Žå”C,‚‹´@‘¾˜Y,022-553-1189,user0800@example.jp,2022/06/21
000801,530-0401,‘åã•{,‘åãŽs–k‹æ,”~“c3-12-13,ƒeƒXƒgƒ}ƒ“ƒVƒ‡ƒ“728†Žº,‡“¯‰ïŽÐƒ_ƒ~[,‘–±•”,•”’·,ˆäã@‘ñ–ç,06-5834-3499,user0801@example.jp,2024/07/23
000802,100-0205,“Œ‹ž“s,ç‘ã“c‹æ,ŠÛ‚Ì“à2-19-4,,Š”Ž®‰ïŽÐ—áŽ¦ƒVƒXƒeƒ€,‰c‹Æ•”,Žå”C,—Ñ@‰ÔŽq,03-1272-4358,user0802@example.jp,2024/11/16
000803,060-1501,–kŠC“¹,ŽD–yŽs’†‰›‹æ,–kˆêð¼5-17-2,,Š”Ž®‰ïŽÐ—áŽ¦ƒVƒXƒeƒ€,‘–±•”,,’†‘º@_,011-330-9024,user0803@example.jp,2024/10/11
000804,460-9608,ˆ¤’mŒ§,–¼ŒÃ‰®Žs’†‹æ,‰h4-15-5,,,,,‰Á“¡@_,052-213-3754,user0804@example.jp,2024/01/10
000805,730-8711,L“‡Œ§,L“‡Žs’†‹æ,Šî’¬5-17-2,,,,,‹g“c@—DŽq,090-8693-5556,user0805@example.jp,2023/10/18
000806,260-6113,ç—tŒ§,ç—tŽs’†‰›‹æ,’†‰›1-9-7,ƒeƒXƒgƒ}ƒ“ƒVƒ‡ƒ“722†Žº,Š”Ž®‰ïŽÐƒTƒ“ƒvƒ‹¤Ž–,Œo—•”,Žå”C,—é–Ø@”üç,090-1837-3959,,2025/07/27
000807,150-9701,“Œ‹ž“s,a’J‹æ,_‹{‘O4-18-12,,ƒTƒ“ƒvƒ‹•¨ŽYŠ”Ž®‰ïŽÐ,‘–±•”,•”’·,“c’†@—R”ü,03-4110-7613,user0807@example.jp,2024/08/01
000808,812-5411,•Ÿ‰ªŒ§,•Ÿ‰ªŽs”Ž‘½‹æ,”Ž‘½‰w‘O3-8-13,,—LŒÀ‰ïŽÐƒeƒXƒgH‹Æ,‰c‹Æ•”,•”’·,ŽRŒû@ˆê˜Y,092-265-5701,,2023/01/08
000809,530-6801,‘åã•{,‘åãŽs–k‹æ,”~“c4-1-13,ƒeƒXƒgƒ}ƒ“ƒVƒ‡ƒ“686†Žº,,,,¬—Ñ@‘å•ã,090-6129-7053,,2024/06/27
000810,220-3911,_“ÞìŒ§,‰¡•lŽs¼‹æ,‚“‡3-8-1,,Š”Ž®‰ïŽÐ—áŽ¦ƒVƒXƒeƒ€,‰c‹Æ•”,‰Û’·,“n•Ó@—²,090-5141-1740,,2023/08/26
000811,730-7311,L“‡Œ§,L“‡Žs’†‹æ,Šî’¬5-16-12,,ƒTƒ“ƒvƒ‹•¨ŽYŠ”Ž®‰ïŽÐ,‘–±•”,,ŽRŒû@^—R”ü,082-628-9418,user0811@example.jp,2023/08/22
000812,220-9611,_“ÞìŒ§,‰¡•lŽs¼‹æ,‚“‡5-4-5,,,,,—Ñ@‰ÔŽq,090-7414-4531,user0812@example.jp,2024/06/16
000813,812-1111,•Ÿ‰ªŒ§,•Ÿ‰ªŽs”Ž‘½‹æ,”Ž‘½‰w‘O2-16-12,,ƒTƒ“ƒvƒ‹•¨ŽYŠ”Ž®‰ïŽÐ,‘–±•”,Žå”C,²X–Ø@’¼Ž÷,092-893-6824,user0813@example.jp,2025/05/26
000814,460-1508,ˆ¤’mŒ§,–¼ŒÃ‰®Žs’†‹æ,‰h2-4-6,,—LŒÀ‰ïŽÐƒeƒXƒgH‹Æ,‘–±•”,,ˆÉ“¡@’¼Ž÷,090-1426-8662,user0814@example.jp,2022/10/08
000815,260-9313,ç—tŒ§,ç—tŽs’†‰›‹æ,’†‰›3-11-13,,,,,’†‘º@—²,043-413-2341,,2023/04/03
000816,730-0311,L“‡Œ§,L“‡Žs’†‹æ,Šî’¬1-8-5,,Š”Ž®‰ïŽÐ—áŽ¦ƒVƒXƒeƒ€,‘–±•”,,Ö“¡@—²,090-8517-2829,user0816@example.jp,2025/06/26
000817,160-0422,“Œ‹ž“s,Vh‹æ,Vh4-5-12,,ƒTƒ“ƒvƒ‹•¨ŽYŠ”Ž®‰ïŽÐ,‘–±•”,,¼–{@½,03-8658-4236,user0817@example.jp,2022/06/12
000818,980-5111,‹{éŒ§,å‘äŽsÂ—t‹æ,ˆê”Ô’¬4-9-15,,—LŒÀ‰ïŽÐƒeƒXƒgH‹Æ,‰c‹Æ•”,,‹g“c@ãÄ,090-9746-5661,,2024/12/24
000819,900-7315,‰«“êŒ§,“ß”eŽs,‹v–Î’n5-15-5,ƒeƒXƒgƒ}ƒ“ƒVƒ‡ƒ“249†Žº,‡“¯‰ïŽÐƒ_ƒ~[,Œo—•”,•”’·,Ö“¡@—TŽq,098-457-9022,,2025/05/21
000820,980-8311,‹{éŒ§,å‘äŽsÂ—t‹æ,ˆê”Ô’¬5-14-9,,Š”Ž®‰ïŽÐƒTƒ“ƒvƒ‹¤Ž–,‘–±•”,•”’·,¬—Ñ@Œ’,022-790-4327,user0820@example.jp,2022/06/25
000821,220-7611,_“ÞìŒ§,‰¡•lŽs¼‹æ,‚“‡5-17-11,,Š”Ž®‰ïŽÐ—áŽ¦ƒVƒXƒeƒ€,Œo—•”,‰Û’·,ˆÉ“¡@Œ’,045-104-3816,,2024/11/10
000822,730-5011,L“‡Œ§,L“‡Žs’†‹æ,Šî’¬4-15-12,,Š”Ž®‰ïŽÐ—áŽ¦ƒVƒXƒeƒ€,‰c‹Æ•”,‰Û’·,ˆäã@”üç,090-1865-8856,,2022/09/20
000823,530-4501,‘åã•{,‘åãŽs–k‹æ,”~“c4-7-10,,,,,´…@ˆê˜Y,06-6182-3405,,2022/01/26
000824,160-4922,“Œ‹ž“s,Vh‹æ,Vh4-12-8,,,,,¬—Ñ@‘¾˜Y,03-6581-6910,,2024/10/06
000825,900-8615,‰«“êŒ§,“ß”eŽs,‹v–Î’n1-11-10,,‡“¯‰ïŽÐƒ_ƒ~[,Œo—•”,‰Û’·,¬—Ñ@ˆ¤,098-128-6945,user0825@example.jp,2022/11/28
000826,100-2505,“Œ‹ž“s,ç‘ã“c‹æ,ŠÛ‚Ì“à4-20-11,,,,,—é–Ø@^—R”ü,03-4969-3689,user0826@example.jp,2022/12/23
000827,330-6163,é‹ÊŒ§,‚³‚¢‚½‚ÜŽs‰Y˜a‹æ,‚»5-11-6,ƒeƒXƒgƒ}ƒ“ƒVƒ‡ƒ“394†Žº,Š”Ž®‰ïŽÐƒTƒ“ƒvƒ‹¤Ž–,‰c‹Æ•”,•”’·,—Ñ@_,090-4973-3692,,2025/11/16
000828,900-8315,‰«“êŒ§,“ß”eŽs,‹v–Î’n5-1-1,ƒeƒXƒgƒ}ƒ“ƒVƒ‡ƒ“132†Žº,‡“¯‰ïŽÐƒ_ƒ~[,‰c‹Æ•”,•”’·,´…@—zŽq,098-228-9620,user0828@example.jp,2023/05/24
000829,100-0805,“Œ‹ž“s,ç‘ã“c‹æ,ŠÛ‚Ì“à5-15-3,,‡“¯‰ïŽÐƒ_ƒ~[,Œo—•”,,‰Á“¡@”üç,090-6588-1915,user0829@example.jp,2024/03/01
000830,730-9611,L“‡Œ§,L“‡Žs’†‹æ,Šî’¬4-1-13,,ƒTƒ“ƒvƒ‹•¨ŽYŠ”Ž®‰ïŽÐ,‘–±•”,Žå”C,¬—Ñ@^—R”ü,090-2887-3357,user0830@example.jp,2022/12/02
000831,150-1701,“Œ‹ž“s,a’J‹æ,_‹{‘O1-1-6,,Š”Ž®‰ïŽÐƒTƒ“ƒvƒ‹¤Ž–,Œo—•”,Žå”C,²X–Ø@Œb,03-8496-6217,,2024/02/21
000832,150-0901,“Œ‹ž“s,a’J‹æ,_‹{‘O2-18-11,,—LŒÀ‰ïŽÐƒeƒXƒgH‹Æ,‘–±•”,,Ö“¡@—²,03-2209-4097,,2023/05/25
000833,160-2822,“Œ‹ž“s,Vh‹æ,Vh5-17-2,ƒeƒXƒgƒ}ƒ“ƒVƒ‡ƒ“589†Žº,,,,‚‹´@‘å•ã,03-9814-7771,user0833@example.jp,2022/05/26
000834,600-5716,‹ž“s•{,‹ž“sŽs‰º‹ž‹æ,“Œ‰–¬˜H’¬2-18-14,ƒTƒ“ƒvƒ‹ƒrƒ‹3F,,,,ŽR“c@Ê,075-476-8200,user0834@example.jp,2022/08/17
000835,812-0211,•Ÿ‰ªŒ§,•Ÿ‰ªŽs”Ž‘½‹æ,”Ž‘½‰w‘O3-6-9,,‡“¯‰ïŽÐƒ_ƒ~[,‘–±•”,‰Û’·,“c’†@—²,092-473-6101,,2024/10/20
000836,220-1011,_“ÞìŒ§,‰¡•lŽs¼‹æ,‚“‡2-11-5,ƒeƒXƒgƒ}ƒ“ƒVƒ‡ƒ“822†Žº,Š”Ž®‰ïŽÐƒTƒ“ƒvƒ‹¤Ž–,‰c‹Æ•”,Žå”C,‰Á“¡@—R”ü,045-182-6382,user0836@example.jp,2022/02/25
000837,460-5908,ˆ¤’mŒ§,–¼ŒÃ‰®Žs’†‹æ,‰h2-13-9,,ƒTƒ“ƒvƒ‹•¨ŽYŠ”Ž®‰ïŽÐ,‘–±•”,,²“¡@’¼Ž÷,052-424-4919,user0837@example.jp,2024/12/11
000838,900-8715,‰«“êŒ§,“ß”eŽs,‹v–Î’n3-18-5,ƒeƒXƒgƒ}ƒ“ƒVƒ‡ƒ“709†Žº,—LŒÀ‰ïŽÐƒeƒXƒgH‹Æ,‰c‹Æ•”,Žå”C,—Ñ@Ê,098-596-9292,user0838@example.jp,2022/11/07
000839,150-6801,“Œ‹ž“s,a’J‹æ,_‹{‘O2-3-8,ƒTƒ“ƒvƒ‹ƒrƒ‹11F,—LŒÀ‰ïŽÐƒeƒXƒgH‹Æ,‰c‹Æ•”,,’†‘º@^—R”ü,03-1338-3894,user0839@example.jp,2022/04/03
000840,980-0411,‹{éŒ§,å‘äŽsÂ—t‹æ,ˆê”Ô’¬1-3-6,,,,,²“¡@—²,022-898-2700,user0840@example.jp,2024/03/17
000841,160-5422,“Œ‹ž“s,Vh‹æ,Vh1-20-4,ƒeƒXƒgƒ}ƒ“ƒVƒ‡ƒ“555†Žº,ƒTƒ“ƒvƒ‹•¨ŽYŠ”Ž®‰ïŽÐ,‰c‹Æ•”,•”’·,ˆÉ“¡@½,03-4194-1663,,2023/05/25
000842,650-9021,•ºŒÉŒ§,_ŒËŽs’†‰›‹æ,ŽO‹{’¬1-20-1,,—LŒÀ‰ïŽÐƒeƒXƒgH‹Æ,Œo—•”,,—Ñ@‘ñ–ç,090-7261-5295,user0842@example.jp,2022/05/22
000843,812-0311,•Ÿ‰ªŒ§,•Ÿ‰ªŽs”Ž‘½‹æ,”Ž‘½‰w‘O3-6-13,,—LŒÀ‰ïŽÐƒeƒXƒgH‹Æ,‘–±•”,•”’·,—é–Ø@—R”ü,092-190-7858,user0843@example.jp,2023/07/18
000844,460-2708,ˆ¤’mŒ§,–¼ŒÃ‰®Žs’†‹æ,‰h5-17-15,ƒeƒXƒgƒ}ƒ“ƒVƒ‡ƒ“836†Žº,,,,’†‘º@—DŽq,052-414-9905,user0844@example.jp,2022/04/11
000845,600-3016,‹ž“s•{,‹ž“sŽs‰º‹ž‹æ,“Œ‰–¬˜H’¬3-9-4,,,,,Ö“¡@ˆ¤,090-4420-2066,user0845@example.jp,2023/05/11
000846,530-7701,‘åã•{,‘åãŽs–k‹æ,”~“c3-20-11,,ƒTƒ“ƒvƒ‹•¨ŽYŠ”Ž®‰ïŽÐ,‘–±•”,Žå”C,´…@ˆê˜Y,090-4871-9194,user0846@example.jp,2022/03/10
000847,730-3111,L“‡Œ§,L“‡Žs’†‹æ,Šî’¬1-20-7,,Š”Ž®‰ïŽÐ—áŽ¦ƒVƒXƒeƒ€,‰c‹Æ•”,Žå”C,´…@‘å•ã,082-768-7535,user0847@example.jp,2023/03/08
000848,150-8401,“Œ‹ž“s,a’J‹æ,_‹{‘O5-6-7,ƒeƒXƒgƒ}ƒ“ƒVƒ‡ƒ“343†Žº,,,,–Ø‘º@—DŽq,03-5627-1273,user0848@example.jp,2025/11/21
000849,600-3516,‹ž“s•{,‹ž“sŽs‰º‹ž‹æ,“Œ‰–¬˜H’¬2-8-4,,,,,²X–Ø@Œ’,075-372-6655,user0849@example.jp,2024/03/01
000850,650-1321,•ºŒÉŒ§,_ŒËŽs’†‰›‹æ,ŽO‹{’¬5-2-1,,‡“¯‰ïŽÐƒ_ƒ~[,‘–±•”,Žå”C,¬—Ñ@‘¾˜Y,078-104-2526,user0850@example.jp,2022/01/15
000851,812-8411,•Ÿ‰ªŒ§,•Ÿ‰ªŽs”Ž‘½‹æ,”Ž‘½‰w‘O3-8-14,ƒeƒXƒgƒ}ƒ“ƒVƒ‡ƒ“684†Žº,Š”Ž®‰ïŽÐ—áŽ¦ƒVƒXƒeƒ€,‰c‹Æ•”,•”’·,²X–Ø@Œ’,090-6957-1711,,2022/08/04
000852,150-1601,“Œ‹ž“s,a’J‹æ,_‹{‘O2-1-9,,‡“¯‰ïŽÐƒ_ƒ~[,‰c‹Æ•”,,“c’†@”üç,03-7094-5303,,2022/11/21
000853,460-7308,ˆ¤’mŒ§,–¼ŒÃ‰®Žs’†‹æ,‰h4-4-12,,,,,–Ø‘º@Œb,052-193-7013,user0853@example.jp,2022/08/13
000854,812-1411,•Ÿ‰ªŒ§,•Ÿ‰ªŽs”Ž‘½‹æ,”Ž‘½‰w‘O4-6-13,,‡“¯‰ïŽÐƒ_ƒ~[,Œo—•”,‰Û’·,ŽR–{@—DŽq,092-513-6548,,2024/11/01
000855,160-4122,“Œ‹ž“s,Vh‹æ,Vh4-9-2,ƒeƒXƒgƒ}ƒ“ƒVƒ‡ƒ“173†Žº,,,,ŽRŒû@”üç,03-5630-6804,user0855@example.jp,2022/08/27
000856,530-0001,‘åã•{,‘åãŽs–k‹æ,”~“c5-10-13,,,,,“c’†@‘å•ã,06-9534-4081,user0856@example.jp,2022/03/23
000857,980-7711,‹{éŒ§,å‘äŽsÂ—t‹æ,ˆê”Ô’¬2-10-10,ƒeƒXƒgƒ}ƒ“ƒVƒ‡ƒ“692†Žº,ƒTƒ“ƒvƒ‹•¨ŽYŠ”Ž®‰ïŽÐ,‘–±•”,•”’·,Ö“¡@ˆ¤,022-614-7963,,2025/12/01
000858,060-0301,–kŠC“¹,ŽD–yŽs’†‰›‹æ,–kˆêð¼3-7-10,ƒeƒXƒgƒ}ƒ“ƒVƒ‡ƒ“521†Žº,Š”Ž®‰ïŽÐ—áŽ¦ƒVƒXƒeƒ€,‘–±•”,,ŽR–{@ãÄ,090-9615-1019,,2024/12/10
000859,160-3322,“Œ‹ž“s,Vh‹æ,Vh5-8-9,ƒTƒ“ƒvƒ‹ƒrƒ‹3F,—LŒÀ‰ïŽÐƒeƒXƒgH‹Æ,‘–±•”,•”’·,Ö“¡@ˆê˜Y,03-8681-1678,user0859@example.jp,2025/06/26
000860,812-0511,•Ÿ‰ªŒ§,•Ÿ‰ªŽs”Ž‘½‹æ,”Ž‘½‰w‘O1-16-6,ƒeƒXƒgƒ}ƒ“ƒVƒ‡ƒ“199†Žº,Š”Ž®‰ïŽÐ—áŽ¦ƒVƒXƒeƒ€,Œo—•”,,“c’†@Ê,092-377-2745,user0860@example.jp,2023/08/24
000861,330-8163,é‹ÊŒ§,‚³‚¢‚½‚ÜŽs‰Y˜a‹æ,‚»1-8-14,,Š”Ž®‰ïŽÐ—áŽ¦ƒVƒXƒeƒ€,‰c‹Æ•”,,ˆÉ“¡@ãÄ,048-157-2728,,2023/04/08
000862,530-0701,‘åã•{,‘åãŽs–k‹æ,”~“c5-13-13,,,,,‹g“c@—R”ü,06-6557-1970,,2022/08/18
000863,650-0721,•ºŒÉŒ§,_ŒËŽs’†‰›‹æ,ŽO‹{’¬2-18-13,ƒeƒXƒgƒ}ƒ“ƒVƒ‡ƒ“863†Žº,,,,–Ø‘º@Ê,078-134-3822,,2023/07/22
000864,100-5905,“Œ‹ž“s,ç‘ã“c‹æ,ŠÛ‚Ì“à2-17-9,,Š”Ž®‰ïŽÐƒTƒ“ƒvƒ‹¤Ž–,Œo—•”,Žå”C,—Ñ@‘ñ–ç,03-1589-4907,user0864@example.jp,2024/09/25
000865,812-4111,•Ÿ‰ªŒ§,•Ÿ‰ªŽs”Ž‘½‹æ,”Ž‘½‰w‘O4-9-8,,Š”Ž®‰ïŽÐƒTƒ“ƒvƒ‹¤Ž–,Œo—•”,,‹g“c@‘å•ã,092-344-2174,user0865@example.jp,2025/09/01
000866,730-0411,L“‡Œ§,L“‡Žs’†‹æ,Šî’¬1-11-11,ƒeƒXƒgƒ}ƒ“ƒVƒ‡ƒ“776†Žº,,,,‚‹´@Œ’,082-436-4530,user0866@example.jp,2022/08/28
000867,600-3316,‹ž“s•{,‹ž“sŽs‰º‹ž‹æ,“Œ‰–¬˜H’¬2-16-12,,,,,“c’†@—R”ü,090-7522-2911,user0867@example.jp,2024/03/08
000868,730-5611,L“‡Œ§,L“‡Žs’†‹æ,Šî’¬3-7-6,ƒTƒ“ƒvƒ‹ƒrƒ‹4F,—LŒÀ‰ïŽÐƒeƒXƒgH‹Æ,Œo—•”,Žå”C,Ö“¡@_,082-143-8902,user0868@example.jp,2022/09/05
000869,900-2615,‰«“êŒ§,“ß”eŽs,‹v–Î’n2-5-13,,‡“¯‰ïŽÐƒ_ƒ~[,‘–±•”,‰Û’·,²“¡@^—R”ü,098-473-5059,user0869@example.jp,2022/02/18
000870,980-8211,‹{éŒ§,å‘äŽsÂ—t‹æ,ˆê”Ô’¬4-19-11,ƒTƒ“ƒvƒ‹ƒrƒ‹3F,‡“¯‰ïŽÐƒ_ƒ~[,‰c‹Æ•”,Žå”C,’†‘º@_,022-616-7615,,2023/06/24
000871,900-7415,‰«“êŒ§,“ß”eŽs,‹v–Î’n5-19-12,,,,,²“¡@‰ÔŽq,098-271-1538,user0871@example.jp,2022/03/11
000872,260-1813,ç—tŒ§,ç—tŽs’†‰›‹æ,’†‰›2-11-3,,,,,ˆäã@Ê,043-810-6276,user0872@example.jp,2024/11/18
000873,530-0901,‘åã•{,‘åãŽs–k‹æ,”~“c3-14-12,ƒTƒ“ƒvƒ‹ƒrƒ‹5F,ƒTƒ“ƒvƒ‹•¨ŽYŠ”Ž®‰ïŽÐ,‰c‹Æ•”,•”’·,–Ø‘º@^—R”ü,090-2685-2081,user0873@example.jp,2023/12/17
000874,060-6001,–kŠC“¹,ŽD–yŽs’†‰›‹æ,–kˆêð¼5-5-6,,—LŒÀ‰ïŽÐƒeƒXƒgH‹Æ,‘–±•”,,‚‹´@”üç,011-632-3660,,2023/07/15
000875,330-2863,é‹ÊŒ§,‚³‚¢‚½‚ÜŽs‰Y˜a‹æ,‚»2-19-4,ƒTƒ“ƒvƒ‹ƒrƒ‹4F,,,,‚‹´@—²,048-701-5604,,2023/07/03
000876,530-5701,‘åã•{,‘åãŽs–k‹æ,”~“c1-10-5,,Š”Ž®‰ïŽÐ—áŽ¦ƒVƒXƒeƒ€,‘–±•”,‰Û’·,ŽRŒû@‘¾˜Y,090-9627-7823,user0876@example.jp,2025/03/23
000877,600-3116,‹ž“s•{,‹ž“sŽs‰º‹ž‹æ,“Œ‰–¬˜H’¬4-4-15,ƒeƒXƒgƒ}ƒ“ƒVƒ‡ƒ“136†Žº,,,,ŽR–{@ˆê˜Y,075-247-8912,,2023/05/16
000878,650-8621,•ºŒÉŒ§,_ŒËŽs’†‰›‹æ,ŽO‹{’¬3-7-1,,‡“¯‰ïŽÐƒ_ƒ~[,‘–±•”,•”’·,²X–Ø@’¼Ž÷,078-571-2437,user0878@example.jp,2025/09/03
000879,600-4516,‹ž“s•{,‹ž“sŽs‰º‹ž‹æ,“Œ‰–¬˜H’¬4-9-5,,Š”Ž®‰ïŽÐ—áŽ¦ƒVƒXƒeƒ€,‘–±•”,Žå”C,ˆÉ“¡@ˆê˜Y,075-827-5732,,2023/04/23
000880,220-7511,_“ÞìŒ§,‰¡•lŽs¼‹æ,‚“‡1-20-6,ƒeƒXƒgƒ}ƒ“ƒVƒ‡ƒ“380†Žº,—LŒÀ‰ïŽÐƒeƒXƒgH‹Æ,‘–±•”,,ŽR–{@Ê,045-333-4675,user0880@example.jp,2022/03/14
000881,460-3208,ˆ¤’mŒ§,–¼ŒÃ‰®Žs’†‹æ,‰h2-16-2,,Š”Ž®‰ïŽÐ—áŽ¦ƒVƒXƒeƒ€,‘–±•”,,—Ñ@Ê,052-343-9760,,2023/03/02
000882,530-0901,‘åã•{,‘åãŽs–k‹æ,”~“c5-16-13,ƒeƒXƒgƒ}ƒ“ƒVƒ‡ƒ“865†Žº,Š”Ž®‰ïŽÐƒTƒ“ƒvƒ‹¤Ž–,‘–±•”,‰Û’·,²X–Ø@Ê,090-3216-9630,user0882@example.jp,2023/01/08
000883,650-7621,•ºŒÉŒ§,_ŒËŽs’†‰›‹æ,ŽO‹{’¬3-8-13,,,,,—é–Ø@Ê,078-615-4059,,2024/03/19
000884,260-9313,ç—tŒ§,ç—tŽs’†‰›‹æ,’†‰›3-4-15,,Š”Ž®‰ïŽÐƒTƒ“ƒvƒ‹¤Ž–,‘–±•”,•”’·,“c’†@’¼Ž÷,043-717-1555,user0884@example.jp,2023/02/17
000885,650-0521,•ºŒÉŒ§,_ŒËŽs’†‰›‹æ,ŽO‹{’¬5-3-7,ƒTƒ“ƒvƒ‹ƒrƒ‹6F,,,,‰Á“¡@Œb,090-9591-1546,user0885@example.jp,2022/06/13
000886,460-2208,ˆ¤’mŒ§,–¼ŒÃ‰®Žs’†‹æ,‰h1-19-3,ƒeƒXƒgƒ}ƒ“ƒVƒ‡ƒ“330†Žº,,,,´…@‘¾˜Y,052-253-4938,,2024/03/11
000887,530-3101,‘åã•{,‘åãŽs–k‹æ,”~“c1-4-9,,‡“¯‰ïŽÐƒ_ƒ~[,Œo—•”,•”’·,Ö“¡@Ê,090-2603-3856,user0887@example.jp,2022/04/09
000888,730-7111,L“‡Œ§,L“‡Žs’†‹æ,Šî’¬5-10-7,,Š”Ž®‰ïŽÐƒTƒ“ƒvƒ‹¤Ž–,Œo—•”,,²X–Ø@^—R”ü,082-493-4271,,2024/05/20
000889,812-9011,•Ÿ‰ªŒ§,•Ÿ‰ªŽs”Ž‘½‹æ,”Ž‘½‰w‘O2-19-15,ƒTƒ“ƒvƒ‹ƒrƒ‹7F,,,,‰Á“¡@Œb,092-302-3955,,2023/09/13
000890,220-4211,_“ÞìŒ§,‰¡•lŽs¼‹æ,‚“‡4-6-15,,,,,—é–Ø@”üç,045-201-7639,user0890@example.jp,2022/08/02
000891,260-4813,ç—tŒ§,ç—tŽs’†‰›‹æ,’†‰›1-1-6,,,,,²“¡@^—R”ü,043-106-1637,user0891@example.jp,2023/09/05
000892,980-5611,‹{éŒ§,å‘äŽsÂ—t‹æ,ˆê”Ô’¬5-12-10,,ƒTƒ“ƒvƒ‹•¨ŽYŠ”Ž®‰ïŽÐ,‘–±•”,Žå”C,Ö“¡@‘¾˜Y,022-504-7682,user0892@example.jp,2023/11/22
000893,100-0805,“Œ‹ž“s,ç‘ã“c‹æ,ŠÛ‚Ì“à3-16-9,ƒTƒ“ƒvƒ‹ƒrƒ‹11F,,,,²X–Ø@—DŽq,03-3683-6233,user0893@example.jp,2023/07/10
000894,160-5622,“Œ‹ž“s,Vh‹æ,Vh4-7-8,ƒeƒXƒgƒ}ƒ“ƒVƒ‡ƒ“583†Žº,Š”Ž®‰ïŽÐ—áŽ¦ƒVƒXƒeƒ€,‘–±•”,Žå”C,¼–{@Œb,03-2337-3217,user0894@example.jp,2024/05/19
000895,220-0611,_“ÞìŒ§,‰¡•lŽs¼‹æ,‚“‡2-1-3,,,,,–Ø‘º@Œ’,090-8359-8388,user0895@example.jp,2023/08/27
000896,060-2101,–kŠC“¹,ŽD–yŽs’†‰›‹æ,–kˆêð¼1-12-14,ƒTƒ“ƒvƒ‹ƒrƒ‹3F,Š”Ž®‰ïŽÐƒTƒ“ƒvƒ‹¤Ž–,‰c‹Æ•”,•”’·,’†‘º@ˆ¤,090-2112-5088,user0896@example.jp,2023/08/13
000897,900-1015,‰«“êŒ§,“ß”eŽs,‹v–Î’n4-5-12,,Š”Ž®‰ïŽÐ—áŽ¦ƒVƒXƒeƒ€,Œo—•”,‰Û’·,‰Á“¡@—DŽq,098-316-5040,,2025/09/05
000898,330-7763,é‹ÊŒ§,‚³‚¢‚½‚ÜŽs‰Y˜a‹æ,‚»3-9-10,,‡“¯‰ïŽÐƒ_ƒ~[,Œo—•”,,¼–{@—R”ü,048-118-4383,user0898@example.jp,2025/01/04
000899,730-2311,L“‡Œ§,L“‡Žs’†‹æ,Šî’¬3-16-13,ƒeƒXƒgƒ}ƒ“ƒVƒ‡ƒ“171†Žº,,,,’†‘º@—TŽq,082-357-2783,,2024/01/09
000900,220-8411,_“ÞìŒ§,‰¡•lŽs¼‹æ,‚“‡4-14-1,,Š”Ž®‰ïŽÐƒTƒ“ƒvƒ‹¤Ž–,‘–±•”,•”’·,‹g“c@‘¾˜Y,045-703-5042,,2024/03/05
000901,650-0921,•ºŒÉŒ§,_ŒËŽs’†‰›‹æ,ŽO‹{’¬4-16-13,ƒeƒXƒgƒ}ƒ“ƒVƒ‡ƒ“606†Žº,—LŒÀ‰ïŽÐƒeƒXƒgH‹Æ,Œo—•”,•”’·,²“¡@‰ÔŽq,078-708-7682,,2025/11/26
000902,730-3111,L“‡Œ§,L“‡Žs’†‹æ,Šî’¬5-15-4,ƒTƒ“ƒvƒ‹ƒrƒ‹10F,‡“¯‰ïŽÐƒ_ƒ~[,Œo—•”,‰Û’·,Ö“¡@—²,082-639-5877,,2025/05/01
000903,100-7905,“Œ‹ž“s,ç‘ã“c‹æ,ŠÛ‚Ì“à5-6-8,,ƒTƒ“ƒvƒ‹•¨ŽYŠ”Ž®‰ïŽÐ,‰c‹Æ•”,‰Û’·,“c’†@ˆ¤,090-8506-7423,user0903@example.jp,2025/05/21
000904,812-4211,•Ÿ‰ªŒ§,•Ÿ‰ªŽs”Ž‘½‹æ,”Ž‘½‰w‘O5-16-14,,,,,‚‹´@—DŽq,090-3545-8621,,2025/12/21
000905,600-9316,‹ž“s•{,‹ž“sŽs‰º‹ž‹æ,“Œ‰–¬˜H’¬4-5-11,ƒeƒXƒgƒ}ƒ“ƒVƒ‡ƒ“841†Žº,,,,‚‹´@_,075-409-2809,user0905@example.jp,2022/05/22
000906,600-4516,‹ž“s•{,‹ž“sŽs‰º‹ž‹æ,“Œ‰–¬˜H’¬1-8-6,ƒeƒXƒgƒ}ƒ“ƒVƒ‡ƒ“249†Žº,Š”Ž®‰ïŽÐ—áŽ¦ƒVƒXƒeƒ€,‰c‹Æ•”,•”’·,“c’†@”üç,075-177-7895,user0906@example.jp,2024/06/21
000907,600-7916,‹ž“s•{,‹ž“sŽs‰º‹ž‹æ,“Œ‰–¬˜H’¬1-14-4,ƒTƒ“ƒvƒ‹ƒrƒ‹11F,ƒTƒ“ƒvƒ‹•¨ŽYŠ”Ž®‰ïŽÐ,‘–±•”,,²X–Ø@Ê,075-164-3974,user0907@example.jp,2023/11/03
000908,812-8611,•Ÿ‰ªŒ§,•Ÿ‰ªŽs”Ž‘½‹æ,”Ž‘½‰w‘O3-16-14,,‡“¯‰ïŽÐƒ_ƒ~[,‰c‹Æ•”,,ŽR“c@^—R”ü,092-944-6923,,2025/05/11
000909,460-9908,ˆ¤’mŒ§,–¼ŒÃ‰®Žs’†‹æ,‰h4-3-13,,,,,‚‹´@½,052-697-8917,,2024/10/08
000910,460-7208,ˆ¤’mŒ§,–¼ŒÃ‰®Žs’†‹æ,‰h5-2-13,ƒTƒ“ƒvƒ‹ƒrƒ‹2F,Š”Ž®‰ïŽÐƒTƒ“ƒvƒ‹¤Ž–,Œo—•”,Žå”C,²X–Ø@ˆ¤,090-9934-7691,,2023/08/13
000911,260-7413,ç—tŒ§,ç—tŽs’†‰›‹æ,’†‰›1-11-8,,—LŒÀ‰ïŽÐƒeƒXƒgH‹Æ,‰c‹Æ•”,•”’·,ˆÉ“¡@’¼Ž÷,090-8316-9321,user0911@example.jp,2025/05/07
000912,730-1111,L“‡Œ§,L“‡Žs’†‹æ,Šî’¬1-19-5,ƒTƒ“ƒvƒ‹ƒrƒ‹8F,—LŒÀ‰ïŽÐƒeƒXƒgH‹Æ,Œo—•”,‰Û’·,ˆäã@Ê,082-195-7586,,2024/12/16
000913,980-1711,‹{éŒ§,å‘äŽsÂ—t‹æ,ˆê”Ô’¬5-15-11,,,,,´…@‰ÔŽq,022-524-2222,user0913@example.jp,2025/09/28
000914,900-5615,‰«“êŒ§,“ß”eŽs,‹v–Î’n4-17-3,,,,,‰Á“¡@—R”ü,098-484-4209,user0914@example.jp,2025/07/01
000915,730-2111,L“‡Œ§,L“‡Žs’†‹æ,Šî’¬1-20-1,ƒeƒXƒgƒ}ƒ“ƒVƒ‡ƒ“366†Žº,Š”Ž®‰ïŽÐ—áŽ¦ƒVƒXƒeƒ€,‰c‹Æ•”,,Ö“¡@^—R”ü,090-9496-4910,user0915@example.jp,2023/05/16
000916,260-2213,ç—tŒ§,ç—tŽs’†‰›‹æ,’†‰›4-7-10,ƒeƒXƒgƒ}ƒ“ƒVƒ‡ƒ“347†Žº,—LŒÀ‰ïŽÐƒeƒXƒgH‹Æ,‰c‹Æ•”,,‚‹´@Œ’,043-586-2050,,2022/08/01
000917,100-2305,“Œ‹ž“s,ç‘ã“c‹æ,ŠÛ‚Ì“à4-6-6,ƒeƒXƒgƒ}ƒ“ƒVƒ‡ƒ“529†Žº,,,,–Ø‘º@Œ’,03-9622-6144,user0917@example.jp,2022/08/07
000918,100-1805,“Œ‹ž“s,ç‘ã“c‹æ,ŠÛ‚Ì“à4-2-4,,‡“¯‰ïŽÐƒ_ƒ~[,‘–±•”,‰Û’·,´…@‰ÔŽq,090-7716-2567,,2024/09/19
000919,150-6301,“Œ‹ž“s,a’J‹æ,_‹{‘O1-10-7,ƒeƒXƒgƒ}ƒ“ƒVƒ‡ƒ“113†Žº,‡“¯‰ïŽÐƒ_ƒ~[,Œo—•”,•”’·,’†‘º@—²,03-4680-2826,,2022/06/15
000920,600-2516,‹ž“s•{,‹ž“sŽs‰º‹ž‹æ,“Œ‰–¬˜H’¬4-14-11,ƒeƒXƒgƒ}ƒ“ƒVƒ‡ƒ“379†Žº,,,,ˆÉ“¡@_,075-259-8947,user0920@example.jp,2022/03/13
000921,900-1215,‰«“êŒ§,“ß”eŽs,‹v–Î’n2-7-1,,‡“¯‰ïŽÐƒ_ƒ~[,‰c‹Æ•”,Žå”C,¼–{@—DŽq,090-3870-2756,user0921@example.jp,2022/08/15
000922,730-4511,L“‡Œ§,L“‡Žs’†‹æ,Šî’¬3-3-14,,—LŒÀ‰ïŽÐƒeƒXƒgH‹Æ,‘–±•”,,—Ñ@”üç,082-328-1553,,2022/02/28
000923,330-3663,é‹ÊŒ§,‚³‚¢‚½‚ÜŽs‰Y˜a‹æ,‚»3-5-8,,—LŒÀ‰ïŽÐƒeƒXƒgH‹Æ,‰c‹Æ•”,‰Û’·,‚‹´@ˆê˜Y,048-180-3326,user0923@example.jp,2022/04/04
000924,100-4505,“Œ‹ž“s,ç‘ã“c‹æ,ŠÛ‚Ì“à5-6-15,,,,,–Ø‘º@—²,090-9671-5142,user0924@example.jp,2023/01/09
000925,980-3911,‹{éŒ§,å‘äŽsÂ—t‹æ,ˆê”Ô’¬1-4-14,,,,,ŽR“c@’¼Ž÷,090-3584-5815,user0925@example.jp,2022/11/06
000926,460-3208,ˆ¤’mŒ§,–¼ŒÃ‰®Žs’†‹æ,‰h2-11-7,ƒeƒXƒgƒ}ƒ“ƒVƒ‡ƒ“468†Žº,ƒTƒ“ƒvƒ‹•¨ŽYŠ”Ž®‰ïŽÐ,‘–±•”,•”’·,‹g“c@‘å•ã,052-693-1427,,2024/08/04
000927,650-2421,•ºŒÉŒ§,_ŒËŽs’†‰›‹æ,ŽO‹{’¬5-7-11,ƒTƒ“ƒvƒ‹ƒrƒ‹10F,,,,ŽR–{@Œb,090-1711-3643,user0927@example.jp,2025/12/14
000928,730-6511,L“‡Œ§,L“‡Žs’†‹æ,Šî’¬3-12-1,ƒeƒXƒgƒ}ƒ“ƒVƒ‡ƒ“452†Žº,,,,’†‘º@—DŽq,082-669-5423,,2024/09/23
000929,530-3601,‘åã•{,‘åãŽs–k‹æ,”~“c4-5-4,,‡“¯‰ïŽÐƒ_ƒ~[,‘–±•”,,‰Á“¡@—R”ü,06-9550-2607,user0929@example.jp,2023/11/12
000930,460-6908,ˆ¤’mŒ§,–¼ŒÃ‰®Žs’†‹æ,‰h4-12-6,,ƒTƒ“ƒvƒ‹•¨ŽYŠ”Ž®‰ïŽÐ,Œo—•”,•”’·,Ö“¡@Ê,052-491-6596,user0930@example.jp,2025/09/17
000931,900-3915,‰«“êŒ§,“ß”eŽs,‹v–Î’n1-7-5,,,,,ŽR“c@—TŽq,098-755-7343,user0931@example.jp,2023/08/27
000932,900-6715,‰«“êŒ§,“ß”eŽs,‹v–Î’n3-2-2,ƒTƒ“ƒvƒ‹ƒrƒ‹8F,—LŒÀ‰ïŽÐƒeƒXƒgH‹Æ,‰c‹Æ•”,Žå”C,ŽRŒû@‘¾˜Y,090-3273-3547,,2022/09/03
000933,730-2411,L“‡Œ§,L“‡Žs’†‹æ,Šî’¬3-5-12,ƒTƒ“ƒvƒ‹ƒrƒ‹4F,,,,²“¡@½,082-297-5557,user0933@example.jp,2025/08/20
000934,220-4011,_“ÞìŒ§,‰¡•lŽs¼‹æ,‚“‡2-20-8,,ƒTƒ“ƒvƒ‹•¨ŽYŠ”Ž®‰ïŽÐ,Œo—•”,Žå”C,¼–{@—R”ü,090-2600-5920,,2025/07/07
000935,260-0313,ç—tŒ§,ç—tŽs’†‰›‹æ,’†‰›5-14-2,,,,,´…@‰ÔŽq,043-969-9743,user0935@example.jp,2025/04/27
000936,600-4816,‹ž“s•{,‹ž“sŽs‰º‹ž‹æ,“Œ‰–¬˜H’¬2-7-15,,,,,—é–Ø@^—R”ü,075-406-2830,user0936@example.jp,2023/03/13
000937,220-1411,_“ÞìŒ§,‰¡•lŽs¼‹æ,‚“‡4-15-6,,,,,‚‹´@‘ñ–ç,045-885-9381,user0937@example.jp,2022/07/11
000938,260-2013,ç—tŒ§,ç—tŽs’†‰›‹æ,’†‰›4-14-14,,,,,¼–{@—DŽq,043-751-1618,user0938@example.jp,2025/02/22
000939,730-4311,L“‡Œ§,L“‡Žs’†‹æ,Šî’¬1-3-1,,,,,¬—Ñ@_,082-557-9818,,2023/01/06
000940,260-0913,ç—tŒ§,ç—tŽs’†‰›‹æ,’†‰›2-6-4,,,,,ŽR–{@^—R”ü,043-284-9132,user0940@example.jp,2025/01/13
000941,460-7108,ˆ¤’mŒ§,–¼ŒÃ‰®Žs’†‹æ,‰h5-7-9,,,,,ŽRŒû@Œ’,052-636-3464,user0941@example.jp,2024/03/09
000942,060-6501,–kŠC“¹,ŽD–yŽs’†‰›‹æ,–kˆêð¼4-9-9,ƒTƒ“ƒvƒ‹ƒrƒ‹5F,,,,’†‘º@—zŽq,090-4303-5078,,2024/04/17
000943,600-3216,‹ž“s•{,‹ž“sŽs‰º‹ž‹æ,“Œ‰–¬˜H’¬3-16-2,ƒeƒXƒgƒ}ƒ“ƒVƒ‡ƒ“549†Žº,,,,’†‘º@—zŽq,090-1593-3392,,2025/10/28
000944,260-1213,ç—tŒ§,ç—tŽs’†‰›‹æ,’†‰›2-20-6,,,,,“n•Ó@Œ’,043-759-1345,,2025/01/19
000945,900-1415,‰«“êŒ§,“ß”eŽs,‹v–Î’n5-4-3,ƒTƒ“ƒvƒ‹ƒrƒ‹5F,Š”Ž®‰ïŽÐƒTƒ“ƒvƒ‹¤Ž–,‘–±•”,•”’·,“c’†@—²,098-140-7758,,2022/07/04
000946,260-2013,ç—tŒ§,ç—tŽs’†‰›‹æ,’†‰›4-9-10,ƒTƒ“ƒvƒ‹ƒrƒ‹3F,—LŒÀ‰ïŽÐƒeƒXƒgH‹Æ,‘–±•”,•”’·,Ö“¡@—²,043-207-8272,,2022/12/28
000947,160-6322,“Œ‹ž“s,Vh‹æ,Vh5-6-6,,—LŒÀ‰ïŽÐƒeƒXƒgH‹Æ,Œo—•”,Žå”C,—Ñ@^—R”ü,03-1966-5502,user0947@example.jp,2023/12/18
000948,812-3111,•Ÿ‰ªŒ§,•Ÿ‰ªŽs”Ž‘½‹æ,”Ž‘½‰w‘O2-1-15,,,,,²“¡@—DŽq,092-838-3188,user0948@example.jp,2025/12/24
000949,812-3811,•Ÿ‰ªŒ§,•Ÿ‰ªŽs”Ž‘½‹æ,”Ž‘½‰w‘O4-11-8,ƒeƒXƒgƒ}ƒ“ƒVƒ‡ƒ“764†Žº,,,,´…@”üç,092-165-6949,user0949@example.jp,2023/02/09
000950,600-8916,‹ž“s•{,‹ž“sŽs‰º‹ž‹æ,“Œ‰–¬˜H’¬3-12-7,,Š”Ž®‰ïŽÐƒTƒ“ƒvƒ‹¤Ž–,‘–±•”,•”’·,‚‹´@‘å•ã,075-650-1564,user0950@example.jp,2025/11/07
000951,260-5813,ç—tŒ§,ç—tŽs’†‰›‹æ,’†‰›5-4-4,ƒTƒ“ƒvƒ‹ƒrƒ‹8F,ƒTƒ“ƒvƒ‹•¨ŽYŠ”Ž®‰ïŽÐ,‘–±•”,,“n•Ó@”üç,043-915-5476,user0951@example.jp,2023/03/19
000952,600-3016,‹ž“s•{,‹ž“sŽs‰º‹ž‹æ,“Œ‰–¬˜H’¬5-1-5,ƒeƒXƒgƒ}ƒ“ƒVƒ‡ƒ“489†Žº,ƒTƒ“ƒvƒ‹•¨ŽYŠ”Ž®‰ïŽÐ,‘–±•”,‰Û’·,ˆäã@—TŽq,075-686-6708,,2022/10/27
000953,220-9711,_“ÞìŒ§,‰¡•lŽs¼‹æ,‚“‡4-16-10,ƒTƒ“ƒvƒ‹ƒrƒ‹4F,—LŒÀ‰ïŽÐƒeƒXƒgH‹Æ,‘–±•”,Žå”C,—é–Ø@‘ñ–ç,045-518-2712,user0953@example.jp,2025/11/09
000954,220-0311,_“ÞìŒ§,‰¡•lŽs¼‹æ,‚“‡5-17-12,,,,,“c’†@^—R”ü,090-9750-9336,,2025/07/10
000955,460-8408,ˆ¤’mŒ§,–¼ŒÃ‰®Žs’†‹æ,‰h1-15-6,ƒeƒXƒgƒ}ƒ“ƒVƒ‡ƒ“338†Žº,,,,—Ñ@‘å•ã,052-434-5215,user0955@example.jp,2023/11/02
000956,160-3922,“Œ‹ž“s,Vh‹æ,Vh2-8-3,,Š”Ž®‰ïŽÐƒTƒ“ƒvƒ‹¤Ž–,‰c‹Æ•”,,‹g“c@‘å•ã,090-7962-5175,,2023/05/04
000957,812-9711,•Ÿ‰ªŒ§,•Ÿ‰ªŽs”Ž‘½‹æ,”Ž‘½‰w‘O3-4-12,,‡“¯‰ïŽÐƒ_ƒ~[,‰c‹Æ•”,‰Û’·,ŽR–{@—TŽq,090-2663-7512,,2022/03/23
000958,460-4508,ˆ¤’mŒ§,–¼ŒÃ‰®Žs’†‹æ,‰h4-19-12,,ƒTƒ“ƒvƒ‹•¨ŽYŠ”Ž®‰ïŽÐ,Œo—•”,,“n•Ó@Œ’,090-2868-2989,,2024/10/21
000959,260-7813,ç—tŒ§,ç—tŽs’†‰›‹æ,’†‰›3-20-15,,Š”Ž®‰ïŽÐƒTƒ“ƒvƒ‹¤Ž–,‘–±•”,,ˆäã@Œ’,043-578-1374,user0959@example.jp,2024/10/09
000960,330-3863,é‹ÊŒ§,‚³‚¢‚½‚ÜŽs‰Y˜a‹æ,‚»3-8-3,,Š”Ž®‰ïŽÐ—áŽ¦ƒVƒXƒeƒ€,‰c‹Æ•”,•”’·,Ö“¡@Ê,090-8356-9534,,2024/02/15
000961,150-6201,“Œ‹ž“s,a’J‹æ,_‹{‘O3-9-10,ƒTƒ“ƒvƒ‹ƒrƒ‹11F,ƒTƒ“ƒvƒ‹•¨ŽYŠ”Ž®‰ïŽÐ,Œo—•”,‰Û’·,ŽR–{@Ê,090-4380-5854,,2025/02/15
000962,650-7321,•ºŒÉŒ§,_ŒËŽs’†‰›‹æ,ŽO‹{’¬5-18-3,,‡“¯‰ïŽÐƒ_ƒ~[,‘–±•”,‰Û’·,“c’†@—R”ü,090-2283-9911,user0962@example.jp,2022/10/16
000963,600-6316,‹ž“s•{,‹ž“sŽs‰º‹ž‹æ,“Œ‰–¬˜H’¬3-4-4,,ƒTƒ“ƒvƒ‹•¨ŽYŠ”Ž®‰ïŽÐ,Œo—•”,,²X–Ø@‘ñ–ç,075-773-5792,user0963@example.jp,2025/04/27
000964,330-2163,é‹ÊŒ§,‚³‚¢‚½‚ÜŽs‰Y˜a‹æ,‚»1-8-3,,,,,‰Á“¡@‘å•ã,048-859-1555,,2023/06/25
000965,160-0222,“Œ‹ž“s,Vh‹æ,Vh4-13-3,ƒeƒXƒgƒ}ƒ“ƒVƒ‡ƒ“412†Žº,Š”Ž®‰ïŽÐ—áŽ¦ƒVƒXƒeƒ€,Œo—•”,•”’·,ŽR–{@Œ’,03-4874-6128,user0965@example.jp,2025/06/28
000966,260-4113,ç—tŒ§,ç—tŽs’†‰›‹æ,’†‰›1-17-13,,‡“¯‰ïŽÐƒ_ƒ~[,‰c‹Æ•”,‰Û’·,ŽRŒû@‰ÔŽq,043-282-7624,,2024/01/21
000967,160-1422,“Œ‹ž“s,Vh‹æ,Vh5-7-14,,,,,‚‹´@ãÄ,03-1603-8245,user0967@example.jp,2025/05/11
000968,220-2311,_“ÞìŒ§,‰¡•lŽs¼‹æ,‚“‡3-9-3,,Š”Ž®‰ïŽÐƒTƒ“ƒvƒ‹¤Ž–,‰c‹Æ•”,•”’·,ˆÉ“¡@’¼Ž÷,045-525-4866,user0968@example.jp,2023/05/27
000969,980-2611,‹{éŒ§,å‘äŽsÂ—t‹æ,ˆê”Ô’¬4-13-8,,Š”Ž®‰ïŽÐ—áŽ¦ƒVƒXƒeƒ€,‘–±•”,‰Û’·,‹g“c@_,022-212-2949,user0969@example.jp,2024/04/26
000970,160-8822,“Œ‹ž“s,Vh‹æ,Vh1-13-14,ƒTƒ“ƒvƒ‹ƒrƒ‹11F,Š”Ž®‰ïŽÐƒTƒ“ƒvƒ‹¤Ž–,Œo—•”,,–Ø‘º@_,03-7666-7533,,2022/02/22
000971,220-3211,_“ÞìŒ§,‰¡•lŽs¼‹æ,‚“‡5-14-1,,,,,“n•Ó@”üç,045-267-7170,,2024/09/12
000972,260-9013,ç—tŒ§,ç—tŽs’†‰›‹æ,’†‰›4-17-5,,Š”Ž®‰ïŽÐ—áŽ¦ƒVƒXƒeƒ€,‰c‹Æ•”,Žå”C,“n•Ó@Œ’,090-6414-2440,,2022/10/24
000973,260-6713,ç—tŒ§,ç—tŽs’†‰›‹æ,’†‰›5-5-7,,‡“¯‰ïŽÐƒ_ƒ~[,‘–±•”,•”’·,‚‹´@—TŽq,043-116-8275,,2024/06/11
000974,160-7522,“Œ‹ž“s,Vh‹æ,Vh1-13-9,ƒTƒ“ƒvƒ‹ƒrƒ‹2F,ƒTƒ“ƒvƒ‹•¨ŽYŠ”Ž®‰ïŽÐ,‰c‹Æ•”,‰Û’·,´…@‘¾˜Y,090-7833-9005,user0974@example.jp,2022/05/19
000975,100-0005,“Œ‹ž“s,ç‘ã“c‹æ,ŠÛ‚Ì“à4-14-7,ƒeƒXƒgƒ}ƒ“ƒVƒ‡ƒ“761†Žº,‡“¯‰ïŽÐƒ_ƒ~[,‘–±•”,,‚‹´@Œ’,03-2139-9637,user0975@example.jp,2022/08/10
000976,730-4811,L“‡Œ§,L“‡Žs’†‹æ,Šî’¬2-14-13,,,,,“n•Ó@^—R”ü,090-3520-8429,user0976@example.jp,2025/09/21
000977,530-5701,‘åã•{,‘åãŽs–k‹æ,”~“c1-13-15,ƒTƒ“ƒvƒ‹ƒrƒ‹9F,Š”Ž®‰ïŽÐƒTƒ“ƒvƒ‹¤Ž–,Œo—•”,•”’·,’†‘º@’¼Ž÷,06-5750-8038,user0977@example.jp,2024/06/05
000978,650-2521,•ºŒÉŒ§,_ŒËŽs’†‰›‹æ,ŽO‹{’¬3-6-7,,Š”Ž®‰ïŽÐ—áŽ¦ƒVƒXƒeƒ€,‰c‹Æ•”,•”’·,–Ø‘º@—R”ü,090-1084-9744,user0978@example.jp,2023/10/17
000979,900-3115,‰«“êŒ§,“ß”eŽs,‹v–Î’n2-16-11,ƒeƒXƒgƒ}ƒ“ƒVƒ‡ƒ“351†Žº,Š”Ž®‰ïŽÐ—áŽ¦ƒVƒXƒeƒ€,Œo—•”,Žå”C,‹g“c@‘¾˜Y,090-6455-8885,user0979@example.jp,2023/07/04
000980,730-2511,L“‡Œ§,L“‡Žs’†‹æ,Šî’¬4-3-7,ƒTƒ“ƒvƒ‹ƒrƒ‹11F,,,,ˆäã@”üç,090-2632-6341,user0980@example.jp,2023/06/03
000981,100-3105,“Œ‹ž“s,ç‘ã“c‹æ,ŠÛ‚Ì“à2-19-15,,Š”Ž®‰ïŽÐ—áŽ¦ƒVƒXƒeƒ€,‘–±•”,,–Ø‘º@—zŽq,03-9981-6661,,2024/05/24
000982,530-4001,‘åã•{,‘åãŽs–k‹æ,”~“c2-13-15,ƒeƒXƒgƒ}ƒ“ƒVƒ‡ƒ“252†Žº,‡“¯‰ïŽÐƒ_ƒ~[,Œo—•”,‰Û’·,“c’†@Œ’,06-8925-3544,,2025/09/18
000983,260-8913,ç—tŒ§,ç—tŽs’†‰›‹æ,’†‰›1-2-15,ƒTƒ“ƒvƒ‹ƒrƒ‹12F,,,,ŽR“c@—TŽq,090-9975-2887,user0983@example.jp,2022/07/15
000984,220-8111,_“ÞìŒ§,‰¡•lŽs¼‹æ,‚“‡5-11-11,ƒTƒ“ƒvƒ‹ƒrƒ‹6F,‡“¯‰ïŽÐƒ_ƒ~[,‘–±•”,Žå”C,ŽR“c@ˆê˜Y,045-756-8845,user0984@example.jp,2023/07/04
000985,812-7311,•Ÿ‰ªŒ§,•Ÿ‰ªŽs”Ž‘½‹æ,”Ž‘½‰w‘O2-9-2,,ƒTƒ“ƒvƒ‹•¨ŽYŠ”Ž®‰ïŽÐ,‘–±•”,Žå”C,’†‘º@‘ñ–ç,092-328-8180,user0985@example.jp,2023/11/08
000986,060-3401,–kŠC“¹,ŽD–yŽs’†‰›‹æ,–kˆêð¼3-8-2,ƒTƒ“ƒvƒ‹ƒrƒ‹6F,‡“¯‰ïŽÐƒ_ƒ~[,‰c‹Æ•”,‰Û’·,–Ø‘º@—R”ü,090-9514-1076,user0986@example.jp,2025/06/15
000987,100-6005,“Œ‹ž“s,ç‘ã“c‹æ,ŠÛ‚Ì“à5-8-3,,Š”Ž®‰ïŽÐƒTƒ“ƒvƒ‹¤Ž–,‰c‹Æ•”,Žå”C,´…@_,03-1816-5767,,2022/11/22
000988,460-1008,ˆ¤’mŒ§,–¼ŒÃ‰®Žs’†‹æ,‰h3-6-12,,,,,‹g“c@Œ’,052-462-5331,user0988@example.jp,2022/01/22
000989,220-4811,_“ÞìŒ§,‰¡•lŽs¼‹æ,‚“‡3-20-12,ƒeƒXƒgƒ}ƒ“ƒVƒ‡ƒ“157†Žº,—LŒÀ‰ïŽÐƒeƒXƒgH‹Æ,‰c‹Æ•”,‰Û’·,²X–Ø@‘¾˜Y,045-556-9895,user0989@example.jp,2023/12/23
000990,730-3711,L“‡Œ§,L“‡Žs’†‹æ,Šî’¬3-8-2,,—LŒÀ‰ïŽÐƒeƒXƒgH‹Æ,‘–±•”,,‹g“c@Ê,082-687-4301,user0990@example.jp,2022/09/09
000991,220-2311,_“ÞìŒ§,‰¡•lŽs¼‹æ,‚“‡4-18-10,,Š”Ž®‰ïŽÐƒTƒ“ƒvƒ‹¤Ž–,‰c‹Æ•”,,‚‹´@—R”ü,045-279-5734,,2025/12/13
000992,060-2501,–kŠC“¹,ŽD–yŽs’†‰›‹æ,–kˆêð¼3-6-11,,‡“¯‰ïŽÐƒ_ƒ~[,Œo—•”,,²X–Ø@‘¾˜Y,011-676-8282,,2023/11/08
000993,600-5816,‹ž“s•{,‹ž“sŽs‰º‹ž‹æ,“Œ‰–¬˜H’¬5-4-11,ƒTƒ“ƒvƒ‹ƒrƒ‹3F,‡“¯‰ïŽÐƒ_ƒ~[,‘–±•”,,’†‘º@—zŽq,090-4074-6025,,2024/09/26
000994,150-9601,“Œ‹ž“s,a’J‹æ,_‹{‘O3-7-5,,,,,²“¡@Ê,03-3434-4175,user0994@example.jp,2023/07/15
000995,160-3422,“Œ‹ž“s,Vh‹æ,Vh5-14-12,,Š”Ž®‰ïŽÐƒTƒ“ƒvƒ‹¤Ž–,‘–±•”,•”’·,´…@‘¾˜Y,090-5380-1180,,2024/04/26
000996,220-3811,_“ÞìŒ§,‰¡•lŽs¼‹æ,‚“‡1-20-14,,,,,²“¡@—R”ü,045-981-5627,user0996@example.jp,2024/07/13
000997,260-8513,ç—tŒ§,ç—tŽs’†‰›‹æ,’†‰›2-19-1,ƒeƒXƒgƒ}ƒ“ƒVƒ‡ƒ“561†Žº,Š”Ž®‰ïŽÐƒTƒ“ƒvƒ‹¤Ž–,Œo—•”,•”’·,—é–Ø@‘ñ–ç,043-809-4510,,2023/04/21
000998,530-1201,‘åã•{,‘åãŽs–k‹æ,”~“c4-12-14,ƒTƒ“ƒvƒ‹ƒrƒ‹2F,—LŒÀ‰ïŽÐƒeƒXƒgH‹Æ,‘–±•”,Žå”C,‰Á“¡@”üç,06-1902-7112,user0998@example.jp,2023/03/07
000999,900-3415,‰«“êŒ§,“ß”eŽs,‹v–Î’n2-3-13,ƒTƒ“ƒvƒ‹ƒrƒ‹2F,,,,²X–Ø@—TŽq,098-363-7888,,2024/04/01
001000,260-0913,ç—tŒ§,ç—tŽs’†‰›‹æ,’†‰›4-19-15,,‡“¯‰ïŽÐƒ_ƒ~[,‘–±•”,,ˆÉ“¡@—zŽq,043-536-9950,user1000@example.jp,2023/09/24
000001,220-4511,_“ÞìŒ§,‰¡•lŽs¼‹æ,‚“‡5-20-12,,—LŒÀ‰ïŽÐƒeƒXƒgH‹Æ,‰c‹Æ•”,,‚‹´@”üç,045-941-2690,,2023/12/04
001002,220-4511,_“ÞìŒ§,‰¡•lŽs¼‹æ,‚“‡‚T|‚Q‚O|‚P‚Q,,—LŒÀ‰ïŽÐƒeƒXƒgH‹Æ,‰c‹Æ•”,,‚‹´”üç,045-941-2690,,2023/12/04
000038,812-3611,•Ÿ‰ªŒ§,•Ÿ‰ªŽs”Ž‘½‹æ,”Ž‘½‰w‘O2-19-7,ƒeƒXƒgƒ}ƒ“ƒVƒ‡ƒ“210†Žº,,,,¼–{@Œ’,092-208-7672,,2023/08/06
001004,812-3611,•Ÿ‰ªŒ§,•Ÿ‰ªŽs”Ž‘½‹æ,”Ž‘½‰w‘O‚Q|‚P‚X|‚V,ƒeƒXƒgƒ}ƒ“ƒVƒ‡ƒ“210†Žº,,,,¼–{Œ’,092-208-7672,,2023/08/06
000075,530-7401,‘åã•{,‘åãŽs–k‹æ,”~“c1-1-14,,Š”Ž®‰ïŽÐ—áŽ¦ƒVƒXƒeƒ€,‘–±•”,‰Û’·,ŽR–{@‰ÔŽq,090-3849-8062,,2022/09/24
001006,530-7401,‘åã•{,‘åãŽs–k‹æ,”~“c‚P|‚P|‚P‚S,,Š”Ž®‰ïŽÐ—áŽ¦ƒVƒXƒeƒ€,‘–±•”,‰Û’·,ŽR–{‰ÔŽq,090-3849-8062,,2022/09/24
000112,150-6601,“Œ‹ž“s,a’J‹æ,_‹{‘O3-13-8,,ƒTƒ“ƒvƒ‹•¨ŽYŠ”Ž®‰ïŽÐ,‰c‹Æ•”,•”’·,¼–{@—R”ü,090-3717-7035,,2025/11/12
001008,150-6601,“Œ‹ž“s,a’J‹æ,_‹{‘O‚R|‚P‚R|‚W,,ƒTƒ“ƒvƒ‹•¨ŽYŠ”Ž®‰ïŽÐ,‰c‹Æ•”,•”’·,¼–{—R”ü,090-3717-7035,,2025/11/12
000149,260-9413,ç—tŒ§,ç—tŽs’†‰›‹æ,’†‰›5-7-14,,,,,“c’†@—zŽq,043-145-6522,,2022/05/20
001010,260-9413,ç—tŒ§,ç—tŽs’†‰›‹æ,’†‰›‚T|‚V|‚P‚S,,,,,“c’†—zŽq,043-145-6522,,2022/05/20
000186,900-1015,‰«“êŒ§,“ß”eŽs,‹v–Î’n5-3-3,ƒeƒXƒgƒ}ƒ“ƒVƒ‡ƒ“675†Žº,,,,“c’†@‘å•ã,098-676-2278,user0186@example.jp,2023/10/16
001012,900-1015,‰«“êŒ§,“ß”eŽs,‹v–Î’n‚T|‚R|‚R,ƒeƒXƒgƒ}ƒ“ƒVƒ‡ƒ“675†Žº,,,,“c’†‘å•ã,098-676-2278,user0186@example.jp,2023/10/16
000223,060-4301,–kŠC“¹,ŽD–yŽs’†‰›‹æ,–kˆêð¼5-7-15,ƒTƒ“ƒvƒ‹ƒrƒ‹8F,ƒTƒ“ƒvƒ‹•¨ŽYŠ”Ž®‰ïŽÐ,‘–±•”,‰Û’·,—Ñ@‰ÔŽq,011-564-4234,user0223@example.jp,2022/01/13
001014,060-4301,–kŠC“¹,ŽD–yŽs’†‰›‹æ,–kˆêð¼‚T|‚V|‚P‚T,ƒTƒ“ƒvƒ‹ƒrƒ‹8F,ƒTƒ“ƒvƒ‹•¨ŽYŠ”Ž®‰ïŽÐ,‘–±•”,‰Û’·,—Ñ‰ÔŽq,011-564-4234,user0223@example.jp,2022/01/13
000260,160-4722,“Œ‹ž“s,Vh‹æ,Vh3-4-15,,ƒTƒ“ƒvƒ‹•¨ŽYŠ”Ž®‰ïŽÐ,‰c‹Æ•”,•”’·,¬—Ñ@‘ñ–ç,090-9753-3514,,2024/09/10
001016,160-4722,“Œ‹ž“s,Vh‹æ,Vh‚R|‚S|‚P‚T,,ƒTƒ“ƒvƒ‹•¨ŽYŠ”Ž®‰ïŽÐ,‰c‹Æ•”,•”’·,¬—Ñ‘ñ–ç,090-9753-3514,,2024/09/10
000297,100-5905,“Œ‹ž“s,ç‘ã“c‹æ,ŠÛ‚Ì“à4-4-8,ƒTƒ“ƒvƒ‹ƒrƒ‹12F,‡“¯‰ïŽÐƒ_ƒ~[,Œo—•”,‰Û’·,¼–{@—zŽq,090-3264-3890,user0297@example.jp,2025/10/19
001018,100-5905,“Œ‹ž“s,ç‘ã“c‹æ,ŠÛ‚Ì“à‚S|‚S|‚W,ƒTƒ“ƒvƒ‹ƒrƒ‹12F,‡“¯‰ïŽÐƒ_ƒ~[,Œo—•”,‰Û’·,¼–{—zŽq,090-3264-3890,user0297@example.jp,2025/10/19
000334,980-2611,‹{éŒ§,å‘äŽsÂ—t‹æ,ˆê”Ô’¬4-12-10,,,,,‹g“c@‰ÔŽq,090-5632-3924,user0334@example.jp,2022/02/06
001020,980-2611,‹{éŒ§,å‘äŽsÂ—t‹æ,ˆê”Ô’¬‚S|‚P‚Q|‚P‚O,,,,,‹g“c‰ÔŽq,090-5632-3924,user0334@example.jp,2022/02/06
001021,530-0201,‘åã•{,‘åãŽs–k‹æ,”~“c4-14-7,,Š”Ž®‰ïŽÐ—áŽ¦ƒVƒXƒeƒ€,‘–±•”,,ˆÉ“¡@—T˜Y,090-3769-7350,,2022/12/13
001022,730-9511,L“‡Œ§,L“‡Žs’†‹æ,Šî’¬5-17-13,ƒeƒXƒgƒ}ƒ“ƒVƒ‡ƒ“852†Žº,Š”Ž®‰ïŽÐ—áŽ¦ƒVƒXƒeƒ€,Œo—•”,‰Û’·,¼–{@^—R˜Y,082-299-8725,,2025/06/23
001023,060-3101,–kŠC“¹,ŽD–yŽs’†‰›‹æ,–kˆêð¼3-2-10,ƒeƒXƒgƒ}ƒ“ƒVƒ‡ƒ“544†Žº,Š”Ž®‰ïŽÐƒTƒ“ƒvƒ‹¤Ž–,‘–±•”,,´…@—R˜Y,011-836-3532,,2022/11/03
001024,900-3415,‰«“êŒ§,“ß”eŽs,‹v–Î’n2-1-3,ƒTƒ“ƒvƒ‹ƒrƒ‹10F,‡“¯‰ïŽÐƒ_ƒ~[,‰c‹Æ•”,‰Û’·,ˆÉ“¡@—R˜Y,090-1048-1785,,2025/08/16
001025,980-0111,‹{éŒ§,å‘äŽsÂ—t‹æ,ˆê”Ô’¬2-18-7,ƒeƒXƒgƒ}ƒ“ƒVƒ‡ƒ“415†Žº,—LŒÀ‰ïŽÐƒeƒXƒgH‹Æ,Œo—•”,Žå”C,Ö“¡@˜Y,090-3332-1802,,2023/09/03
